Last login: Wed Mar 17 23:55:50 on ttys000
faten@Fatens-MacBook-Pro ~ % python3 /Users/faten/Documents/KL/KL_Modified.py 
Initial partition cost: 198
Initial partition elements: 
------------A---------------
V 	 Fixed 	 Partition
2	0	A
3	0	A
5	0	A
7	0	A
9	0	A
11	0	A
13	0	A
15	0	A
17	0	A
19	0	A
21	0	A
23	0	A
25	0	A
27	0	A
29	0	A
31	0	A
33	0	A
35	0	A
37	0	A
39	0	A
41	0	A
43	0	A
45	0	A
47	0	A
49	0	A
51	0	A
53	0	A
55	0	A
57	0	A
59	0	A
61	0	A
63	0	A
65	0	A
67	0	A
69	0	A
71	0	A
73	0	A
75	0	A
77	0	A
79	0	A
81	0	A
83	0	A
85	0	A
87	0	A
89	0	A
91	0	A
93	0	A
95	0	A
97	0	A
99	0	A
------------B---------------
V 	 Fixed 	 Partition
1	0	B
4	0	B
6	0	B
8	0	B
10	0	B
12	0	B
14	0	B
16	0	B
18	0	B
20	0	B
22	0	B
24	0	B
26	0	B
28	0	B
30	0	B
32	0	B
34	0	B
36	0	B
38	0	B
40	0	B
42	0	B
44	0	B
46	0	B
48	0	B
50	0	B
52	0	B
54	0	B
56	0	B
58	0	B
60	0	B
62	0	B
64	0	B
66	0	B
68	0	B
70	0	B
72	0	B
74	0	B
76	0	B
78	0	B
80	0	B
82	0	B
84	0	B
86	0	B
88	0	B
90	0	B
92	0	B
94	0	B
96	0	B
98	0	B
100	0	B
swapped nodes are 99 100
Pass: 1		Final partition cost: 198
------------A---------------
V 	 Fixed 	 Partition 	 D Value
2	0	A	2
3	0	A	1
5	0	A	2
7	0	A	2
9	0	A	2
11	0	A	3
13	0	A	2
15	0	A	2
17	0	A	2
19	0	A	2
21	0	A	2
23	0	A	2
25	0	A	2
27	0	A	2
29	0	A	2
31	0	A	2
33	0	A	2
35	0	A	2
37	0	A	2
39	0	A	2
41	0	A	2
43	0	A	2
45	0	A	2
47	0	A	2
49	0	A	2
51	0	A	2
53	0	A	2
55	0	A	2
57	0	A	2
59	0	A	2
61	0	A	2
63	0	A	2
65	0	A	2
67	0	A	2
69	0	A	2
71	0	A	2
73	0	A	2
75	0	A	2
77	0	A	2
79	0	A	2
81	0	A	2
83	0	A	2
85	0	A	2
87	0	A	2
89	0	A	3
91	0	A	2
93	0	A	2
95	0	A	2
97	0	A	2
100	1	A	2
------------B---------------
V 	 Fixed 	 Partition 	 D Value
1	0	B	2
4	0	B	2
6	0	B	2
8	0	B	2
10	0	B	2
12	0	B	3
14	0	B	2
16	0	B	2
18	0	B	2
20	0	B	2
22	0	B	2
24	0	B	2
26	0	B	2
28	0	B	2
30	0	B	2
32	0	B	2
34	0	B	2
36	0	B	2
38	0	B	2
40	0	B	2
42	0	B	2
44	0	B	2
46	0	B	2
48	0	B	2
50	0	B	2
52	0	B	2
54	0	B	2
56	0	B	2
58	0	B	2
60	0	B	2
62	0	B	2
64	0	B	2
66	0	B	2
68	0	B	2
70	0	B	2
72	0	B	2
74	0	B	2
76	0	B	2
78	0	B	2
80	0	B	2
82	0	B	2
84	0	B	2
86	0	B	2
88	0	B	2
90	0	B	3
92	0	B	2
94	0	B	2
96	0	B	2
98	0	B	1
99	1	B	2
swapped nodes are 97 98
Pass: 2		Final partition cost: 200
------------A---------------
V 	 Fixed 	 Partition 	 D Value
2	0	A	2
3	0	A	1
5	0	A	2
7	0	A	2
9	0	A	2
11	0	A	3
13	0	A	2
15	0	A	2
17	0	A	2
19	0	A	2
21	0	A	2
23	0	A	2
25	0	A	2
27	0	A	2
29	0	A	2
31	0	A	2
33	0	A	2
35	0	A	2
37	0	A	2
39	0	A	2
41	0	A	2
43	0	A	2
45	0	A	2
47	0	A	2
49	0	A	2
51	0	A	2
53	0	A	2
55	0	A	2
57	0	A	2
59	0	A	2
61	0	A	2
63	0	A	2
65	0	A	2
67	0	A	2
69	0	A	2
71	0	A	2
73	0	A	2
75	0	A	2
77	0	A	2
79	0	A	2
81	0	A	2
83	0	A	2
85	0	A	2
87	0	A	3
89	0	A	3
91	0	A	2
93	0	A	2
95	0	A	2
98	1	A	3
100	1	A	2
------------B---------------
V 	 Fixed 	 Partition 	 D Value
1	0	B	2
4	0	B	2
6	0	B	2
8	0	B	2
10	0	B	2
12	0	B	3
14	0	B	2
16	0	B	2
18	0	B	2
20	0	B	2
22	0	B	2
24	0	B	2
26	0	B	2
28	0	B	2
30	0	B	2
32	0	B	2
34	0	B	2
36	0	B	2
38	0	B	2
40	0	B	2
42	0	B	2
44	0	B	2
46	0	B	2
48	0	B	2
50	0	B	2
52	0	B	2
54	0	B	2
56	0	B	2
58	0	B	2
60	0	B	2
62	0	B	2
64	0	B	2
66	0	B	2
68	0	B	2
70	0	B	2
72	0	B	2
74	0	B	2
76	0	B	2
78	0	B	2
80	0	B	2
82	0	B	2
84	0	B	2
86	0	B	2
88	0	B	3
90	0	B	3
92	0	B	2
94	0	B	2
96	0	B	1
97	1	B	2
99	1	B	3
swapped nodes are 95 96
Pass: 3		Final partition cost: 202
------------A---------------
V 	 Fixed 	 Partition 	 D Value
2	0	A	2
3	0	A	1
5	0	A	2
7	0	A	2
9	0	A	2
11	0	A	3
13	0	A	2
15	0	A	2
17	0	A	2
19	0	A	2
21	0	A	2
23	0	A	2
25	0	A	2
27	0	A	2
29	0	A	2
31	0	A	2
33	0	A	2
35	0	A	2
37	0	A	2
39	0	A	2
41	0	A	2
43	0	A	2
45	0	A	2
47	0	A	2
49	0	A	2
51	0	A	2
53	0	A	2
55	0	A	2
57	0	A	2
59	0	A	2
61	0	A	2
63	0	A	2
65	0	A	2
67	0	A	2
69	0	A	2
71	0	A	2
73	0	A	2
75	0	A	2
77	0	A	2
79	0	A	2
81	0	A	2
83	0	A	2
85	0	A	3
87	0	A	3
89	0	A	3
91	0	A	2
93	0	A	2
96	1	A	3
98	1	A	3
100	1	A	2
------------B---------------
V 	 Fixed 	 Partition 	 D Value
1	0	B	2
4	0	B	2
6	0	B	2
8	0	B	2
10	0	B	2
12	0	B	3
14	0	B	2
16	0	B	2
18	0	B	2
20	0	B	2
22	0	B	2
24	0	B	2
26	0	B	2
28	0	B	2
30	0	B	2
32	0	B	2
34	0	B	2
36	0	B	2
38	0	B	2
40	0	B	2
42	0	B	2
44	0	B	2
46	0	B	2
48	0	B	2
50	0	B	2
52	0	B	2
54	0	B	2
56	0	B	2
58	0	B	2
60	0	B	2
62	0	B	2
64	0	B	2
66	0	B	2
68	0	B	2
70	0	B	2
72	0	B	2
74	0	B	2
76	0	B	2
78	0	B	2
80	0	B	2
82	0	B	2
84	0	B	2
86	0	B	3
88	0	B	3
90	0	B	3
92	0	B	2
94	0	B	1
95	1	B	2
97	1	B	3
99	1	B	3
swapped nodes are 93 94
Pass: 4		Final partition cost: 204
------------A---------------
V 	 Fixed 	 Partition 	 D Value
2	0	A	2
3	0	A	1
5	0	A	2
7	0	A	2
9	0	A	2
11	0	A	3
13	0	A	2
15	0	A	2
17	0	A	2
19	0	A	2
21	0	A	2
23	0	A	2
25	0	A	2
27	0	A	2
29	0	A	2
31	0	A	2
33	0	A	2
35	0	A	2
37	0	A	2
39	0	A	2
41	0	A	2
43	0	A	2
45	0	A	2
47	0	A	2
49	0	A	2
51	0	A	2
53	0	A	2
55	0	A	2
57	0	A	2
59	0	A	2
61	0	A	2
63	0	A	2
65	0	A	2
67	0	A	2
69	0	A	2
71	0	A	2
73	0	A	2
75	0	A	2
77	0	A	2
79	0	A	2
81	0	A	2
83	0	A	3
85	0	A	3
87	0	A	3
89	0	A	3
91	0	A	2
94	1	A	3
96	1	A	3
98	1	A	3
100	1	A	2
------------B---------------
V 	 Fixed 	 Partition 	 D Value
1	0	B	2
4	0	B	2
6	0	B	2
8	0	B	2
10	0	B	2
12	0	B	3
14	0	B	2
16	0	B	2
18	0	B	2
20	0	B	2
22	0	B	2
24	0	B	2
26	0	B	2
28	0	B	2
30	0	B	2
32	0	B	2
34	0	B	2
36	0	B	2
38	0	B	2
40	0	B	2
42	0	B	2
44	0	B	2
46	0	B	2
48	0	B	2
50	0	B	2
52	0	B	2
54	0	B	2
56	0	B	2
58	0	B	2
60	0	B	2
62	0	B	2
64	0	B	2
66	0	B	2
68	0	B	2
70	0	B	2
72	0	B	2
74	0	B	2
76	0	B	2
78	0	B	2
80	0	B	2
82	0	B	2
84	0	B	3
86	0	B	3
88	0	B	3
90	0	B	3
92	0	B	1
93	1	B	2
95	1	B	3
97	1	B	3
99	1	B	3
swapped nodes are 91 92
Pass: 5		Final partition cost: 206
------------A---------------
V 	 Fixed 	 Partition 	 D Value
2	0	A	2
3	0	A	1
5	0	A	2
7	0	A	2
9	0	A	2
11	0	A	3
13	0	A	2
15	0	A	2
17	0	A	2
19	0	A	2
21	0	A	2
23	0	A	2
25	0	A	2
27	0	A	2
29	0	A	2
31	0	A	2
33	0	A	2
35	0	A	2
37	0	A	2
39	0	A	2
41	0	A	2
43	0	A	2
45	0	A	2
47	0	A	2
49	0	A	2
51	0	A	2
53	0	A	2
55	0	A	2
57	0	A	2
59	0	A	2
61	0	A	2
63	0	A	2
65	0	A	2
67	0	A	2
69	0	A	2
71	0	A	2
73	0	A	2
75	0	A	2
77	0	A	2
79	0	A	2
81	0	A	3
83	0	A	3
85	0	A	3
87	0	A	3
89	0	A	3
92	1	A	3
94	1	A	3
96	1	A	3
98	1	A	3
100	1	A	2
------------B---------------
V 	 Fixed 	 Partition 	 D Value
1	0	B	2
4	0	B	2
6	0	B	2
8	0	B	2
10	0	B	2
12	0	B	3
14	0	B	2
16	0	B	2
18	0	B	2
20	0	B	2
22	0	B	2
24	0	B	2
26	0	B	2
28	0	B	2
30	0	B	2
32	0	B	2
34	0	B	2
36	0	B	2
38	0	B	2
40	0	B	2
42	0	B	2
44	0	B	2
46	0	B	2
48	0	B	2
50	0	B	2
52	0	B	2
54	0	B	2
56	0	B	2
58	0	B	2
60	0	B	2
62	0	B	2
64	0	B	2
66	0	B	2
68	0	B	2
70	0	B	2
72	0	B	2
74	0	B	2
76	0	B	2
78	0	B	2
80	0	B	2
82	0	B	3
84	0	B	3
86	0	B	3
88	0	B	3
90	0	B	2
91	1	B	2
93	1	B	3
95	1	B	3
97	1	B	3
99	1	B	3
swapped nodes are 89 90
Pass: 6		Final partition cost: 206
------------A---------------
V 	 Fixed 	 Partition 	 D Value
2	0	A	2
3	0	A	1
5	0	A	2
7	0	A	2
9	0	A	2
11	0	A	3
13	0	A	2
15	0	A	2
17	0	A	2
19	0	A	2
21	0	A	2
23	0	A	2
25	0	A	2
27	0	A	2
29	0	A	2
31	0	A	2
33	0	A	2
35	0	A	2
37	0	A	2
39	0	A	2
41	0	A	2
43	0	A	2
45	0	A	2
47	0	A	2
49	0	A	2
51	0	A	2
53	0	A	2
55	0	A	2
57	0	A	2
59	0	A	2
61	0	A	2
63	0	A	2
65	0	A	2
67	0	A	2
69	0	A	2
71	0	A	2
73	0	A	2
75	0	A	2
77	0	A	2
79	0	A	3
81	0	A	3
83	0	A	3
85	0	A	3
87	0	A	3
90	1	A	3
92	1	A	3
94	1	A	3
96	1	A	3
98	1	A	3
100	1	A	1
------------B---------------
V 	 Fixed 	 Partition 	 D Value
1	0	B	2
4	0	B	2
6	0	B	2
8	0	B	2
10	0	B	2
12	0	B	3
14	0	B	2
16	0	B	2
18	0	B	2
20	0	B	2
22	0	B	2
24	0	B	2
26	0	B	2
28	0	B	2
30	0	B	2
32	0	B	2
34	0	B	2
36	0	B	2
38	0	B	2
40	0	B	2
42	0	B	2
44	0	B	2
46	0	B	2
48	0	B	2
50	0	B	2
52	0	B	2
54	0	B	2
56	0	B	2
58	0	B	2
60	0	B	2
62	0	B	2
64	0	B	2
66	0	B	2
68	0	B	2
70	0	B	2
72	0	B	2
74	0	B	2
76	0	B	2
78	0	B	2
80	0	B	3
82	0	B	3
84	0	B	3
86	0	B	3
88	0	B	2
89	1	B	2
91	1	B	3
93	1	B	3
95	1	B	3
97	1	B	3
99	1	B	2
swapped nodes are 87 88
Pass: 7		Final partition cost: 206
------------A---------------
V 	 Fixed 	 Partition 	 D Value
2	0	A	2
3	0	A	1
5	0	A	2
7	0	A	2
9	0	A	2
11	0	A	3
13	0	A	2
15	0	A	2
17	0	A	2
19	0	A	2
21	0	A	2
23	0	A	2
25	0	A	2
27	0	A	2
29	0	A	2
31	0	A	2
33	0	A	2
35	0	A	2
37	0	A	2
39	0	A	2
41	0	A	2
43	0	A	2
45	0	A	2
47	0	A	2
49	0	A	2
51	0	A	2
53	0	A	2
55	0	A	2
57	0	A	2
59	0	A	2
61	0	A	2
63	0	A	2
65	0	A	2
67	0	A	2
69	0	A	2
71	0	A	2
73	0	A	2
75	0	A	2
77	0	A	3
79	0	A	3
81	0	A	3
83	0	A	3
85	0	A	3
88	1	A	3
90	1	A	3
92	1	A	3
94	1	A	3
96	1	A	3
98	1	A	2
100	1	A	1
------------B---------------
V 	 Fixed 	 Partition 	 D Value
1	0	B	2
4	0	B	2
6	0	B	2
8	0	B	2
10	0	B	2
12	0	B	3
14	0	B	2
16	0	B	2
18	0	B	2
20	0	B	2
22	0	B	2
24	0	B	2
26	0	B	2
28	0	B	2
30	0	B	2
32	0	B	2
34	0	B	2
36	0	B	2
38	0	B	2
40	0	B	2
42	0	B	2
44	0	B	2
46	0	B	2
48	0	B	2
50	0	B	2
52	0	B	2
54	0	B	2
56	0	B	2
58	0	B	2
60	0	B	2
62	0	B	2
64	0	B	2
66	0	B	2
68	0	B	2
70	0	B	2
72	0	B	2
74	0	B	2
76	0	B	2
78	0	B	3
80	0	B	3
82	0	B	3
84	0	B	3
86	0	B	2
87	1	B	2
89	1	B	3
91	1	B	3
93	1	B	3
95	1	B	3
97	1	B	2
99	1	B	2
swapped nodes are 85 86
Pass: 8		Final partition cost: 206
------------A---------------
V 	 Fixed 	 Partition 	 D Value
2	0	A	2
3	0	A	1
5	0	A	2
7	0	A	2
9	0	A	2
11	0	A	3
13	0	A	2
15	0	A	2
17	0	A	2
19	0	A	2
21	0	A	2
23	0	A	2
25	0	A	2
27	0	A	2
29	0	A	2
31	0	A	2
33	0	A	2
35	0	A	2
37	0	A	2
39	0	A	2
41	0	A	2
43	0	A	2
45	0	A	2
47	0	A	2
49	0	A	2
51	0	A	2
53	0	A	2
55	0	A	2
57	0	A	2
59	0	A	2
61	0	A	2
63	0	A	2
65	0	A	2
67	0	A	2
69	0	A	2
71	0	A	2
73	0	A	2
75	0	A	3
77	0	A	3
79	0	A	3
81	0	A	3
83	0	A	3
86	1	A	3
88	1	A	3
90	1	A	3
92	1	A	3
94	1	A	3
96	1	A	2
98	1	A	2
100	1	A	1
------------B---------------
V 	 Fixed 	 Partition 	 D Value
1	0	B	2
4	0	B	2
6	0	B	2
8	0	B	2
10	0	B	2
12	0	B	3
14	0	B	2
16	0	B	2
18	0	B	2
20	0	B	2
22	0	B	2
24	0	B	2
26	0	B	2
28	0	B	2
30	0	B	2
32	0	B	2
34	0	B	2
36	0	B	2
38	0	B	2
40	0	B	2
42	0	B	2
44	0	B	2
46	0	B	2
48	0	B	2
50	0	B	2
52	0	B	2
54	0	B	2
56	0	B	2
58	0	B	2
60	0	B	2
62	0	B	2
64	0	B	2
66	0	B	2
68	0	B	2
70	0	B	2
72	0	B	2
74	0	B	2
76	0	B	3
78	0	B	3
80	0	B	3
82	0	B	3
84	0	B	2
85	1	B	2
87	1	B	3
89	1	B	3
91	1	B	3
93	1	B	3
95	1	B	2
97	1	B	2
99	1	B	2
swapped nodes are 83 84
Pass: 9		Final partition cost: 206
------------A---------------
V 	 Fixed 	 Partition 	 D Value
2	0	A	2
3	0	A	1
5	0	A	2
7	0	A	2
9	0	A	2
11	0	A	3
13	0	A	2
15	0	A	2
17	0	A	2
19	0	A	2
21	0	A	2
23	0	A	2
25	0	A	2
27	0	A	2
29	0	A	2
31	0	A	2
33	0	A	2
35	0	A	2
37	0	A	2
39	0	A	2
41	0	A	2
43	0	A	2
45	0	A	2
47	0	A	2
49	0	A	2
51	0	A	2
53	0	A	2
55	0	A	2
57	0	A	2
59	0	A	2
61	0	A	2
63	0	A	2
65	0	A	2
67	0	A	2
69	0	A	2
71	0	A	2
73	0	A	3
75	0	A	3
77	0	A	3
79	0	A	3
81	0	A	3
84	1	A	3
86	1	A	3
88	1	A	3
90	1	A	3
92	1	A	3
94	1	A	2
96	1	A	2
98	1	A	2
100	1	A	1
------------B---------------
V 	 Fixed 	 Partition 	 D Value
1	0	B	2
4	0	B	2
6	0	B	2
8	0	B	2
10	0	B	2
12	0	B	3
14	0	B	2
16	0	B	2
18	0	B	2
20	0	B	2
22	0	B	2
24	0	B	2
26	0	B	2
28	0	B	2
30	0	B	2
32	0	B	2
34	0	B	2
36	0	B	2
38	0	B	2
40	0	B	2
42	0	B	2
44	0	B	2
46	0	B	2
48	0	B	2
50	0	B	2
52	0	B	2
54	0	B	2
56	0	B	2
58	0	B	2
60	0	B	2
62	0	B	2
64	0	B	2
66	0	B	2
68	0	B	2
70	0	B	2
72	0	B	2
74	0	B	3
76	0	B	3
78	0	B	3
80	0	B	3
82	0	B	2
83	1	B	2
85	1	B	3
87	1	B	3
89	1	B	3
91	1	B	3
93	1	B	2
95	1	B	2
97	1	B	2
99	1	B	2
swapped nodes are 81 82
Pass: 10		Final partition cost: 206
------------A---------------
V 	 Fixed 	 Partition 	 D Value
2	0	A	2
3	0	A	1
5	0	A	2
7	0	A	2
9	0	A	2
11	0	A	3
13	0	A	2
15	0	A	2
17	0	A	2
19	0	A	2
21	0	A	2
23	0	A	2
25	0	A	2
27	0	A	2
29	0	A	2
31	0	A	2
33	0	A	2
35	0	A	2
37	0	A	2
39	0	A	2
41	0	A	2
43	0	A	2
45	0	A	2
47	0	A	2
49	0	A	2
51	0	A	2
53	0	A	2
55	0	A	2
57	0	A	2
59	0	A	2
61	0	A	2
63	0	A	2
65	0	A	2
67	0	A	2
69	0	A	2
71	0	A	3
73	0	A	3
75	0	A	3
77	0	A	3
79	0	A	3
82	1	A	3
84	1	A	3
86	1	A	3
88	1	A	3
90	1	A	3
92	1	A	2
94	1	A	2
96	1	A	2
98	1	A	2
100	1	A	1
------------B---------------
V 	 Fixed 	 Partition 	 D Value
1	0	B	2
4	0	B	2
6	0	B	2
8	0	B	2
10	0	B	2
12	0	B	3
14	0	B	2
16	0	B	2
18	0	B	2
20	0	B	2
22	0	B	2
24	0	B	2
26	0	B	2
28	0	B	2
30	0	B	2
32	0	B	2
34	0	B	2
36	0	B	2
38	0	B	2
40	0	B	2
42	0	B	2
44	0	B	2
46	0	B	2
48	0	B	2
50	0	B	2
52	0	B	2
54	0	B	2
56	0	B	2
58	0	B	2
60	0	B	2
62	0	B	2
64	0	B	2
66	0	B	2
68	0	B	2
70	0	B	2
72	0	B	3
74	0	B	3
76	0	B	3
78	0	B	3
80	0	B	2
81	1	B	2
83	1	B	3
85	1	B	3
87	1	B	3
89	1	B	3
91	1	B	2
93	1	B	2
95	1	B	2
97	1	B	2
99	1	B	2
swapped nodes are 79 80
Pass: 11		Final partition cost: 206
------------A---------------
V 	 Fixed 	 Partition 	 D Value
2	0	A	2
3	0	A	1
5	0	A	2
7	0	A	2
9	0	A	2
11	0	A	3
13	0	A	2
15	0	A	2
17	0	A	2
19	0	A	2
21	0	A	2
23	0	A	2
25	0	A	2
27	0	A	2
29	0	A	2
31	0	A	2
33	0	A	2
35	0	A	2
37	0	A	2
39	0	A	2
41	0	A	2
43	0	A	2
45	0	A	2
47	0	A	2
49	0	A	2
51	0	A	2
53	0	A	2
55	0	A	2
57	0	A	2
59	0	A	2
61	0	A	2
63	0	A	2
65	0	A	2
67	0	A	2
69	0	A	3
71	0	A	3
73	0	A	3
75	0	A	3
77	0	A	3
80	1	A	3
82	1	A	3
84	1	A	3
86	1	A	3
88	1	A	3
90	1	A	2
92	1	A	2
94	1	A	2
96	1	A	2
98	1	A	2
100	1	A	1
------------B---------------
V 	 Fixed 	 Partition 	 D Value
1	0	B	2
4	0	B	2
6	0	B	2
8	0	B	2
10	0	B	2
12	0	B	3
14	0	B	2
16	0	B	2
18	0	B	2
20	0	B	2
22	0	B	2
24	0	B	2
26	0	B	2
28	0	B	2
30	0	B	2
32	0	B	2
34	0	B	2
36	0	B	2
38	0	B	2
40	0	B	2
42	0	B	2
44	0	B	2
46	0	B	2
48	0	B	2
50	0	B	2
52	0	B	2
54	0	B	2
56	0	B	2
58	0	B	2
60	0	B	2
62	0	B	2
64	0	B	2
66	0	B	2
68	0	B	2
70	0	B	3
72	0	B	3
74	0	B	3
76	0	B	3
78	0	B	2
79	1	B	2
81	1	B	3
83	1	B	3
85	1	B	3
87	1	B	3
89	1	B	2
91	1	B	2
93	1	B	2
95	1	B	2
97	1	B	2
99	1	B	2
swapped nodes are 77 78
Pass: 12		Final partition cost: 206
------------A---------------
V 	 Fixed 	 Partition 	 D Value
2	0	A	2
3	0	A	1
5	0	A	2
7	0	A	2
9	0	A	2
11	0	A	3
13	0	A	2
15	0	A	2
17	0	A	2
19	0	A	2
21	0	A	2
23	0	A	2
25	0	A	2
27	0	A	2
29	0	A	2
31	0	A	2
33	0	A	2
35	0	A	2
37	0	A	2
39	0	A	2
41	0	A	2
43	0	A	2
45	0	A	2
47	0	A	2
49	0	A	2
51	0	A	2
53	0	A	2
55	0	A	2
57	0	A	2
59	0	A	2
61	0	A	2
63	0	A	2
65	0	A	2
67	0	A	3
69	0	A	3
71	0	A	3
73	0	A	3
75	0	A	3
78	1	A	3
80	1	A	3
82	1	A	3
84	1	A	3
86	1	A	3
88	1	A	2
90	1	A	2
92	1	A	2
94	1	A	2
96	1	A	2
98	1	A	2
100	1	A	1
------------B---------------
V 	 Fixed 	 Partition 	 D Value
1	0	B	2
4	0	B	2
6	0	B	2
8	0	B	2
10	0	B	2
12	0	B	3
14	0	B	2
16	0	B	2
18	0	B	2
20	0	B	2
22	0	B	2
24	0	B	2
26	0	B	2
28	0	B	2
30	0	B	2
32	0	B	2
34	0	B	2
36	0	B	2
38	0	B	2
40	0	B	2
42	0	B	2
44	0	B	2
46	0	B	2
48	0	B	2
50	0	B	2
52	0	B	2
54	0	B	2
56	0	B	2
58	0	B	2
60	0	B	2
62	0	B	2
64	0	B	2
66	0	B	2
68	0	B	3
70	0	B	3
72	0	B	3
74	0	B	3
76	0	B	2
77	1	B	2
79	1	B	3
81	1	B	3
83	1	B	3
85	1	B	3
87	1	B	2
89	1	B	2
91	1	B	2
93	1	B	2
95	1	B	2
97	1	B	2
99	1	B	2
swapped nodes are 75 76
Pass: 13		Final partition cost: 206
------------A---------------
V 	 Fixed 	 Partition 	 D Value
2	0	A	2
3	0	A	1
5	0	A	2
7	0	A	2
9	0	A	2
11	0	A	3
13	0	A	2
15	0	A	2
17	0	A	2
19	0	A	2
21	0	A	2
23	0	A	2
25	0	A	2
27	0	A	2
29	0	A	2
31	0	A	2
33	0	A	2
35	0	A	2
37	0	A	2
39	0	A	2
41	0	A	2
43	0	A	2
45	0	A	2
47	0	A	2
49	0	A	2
51	0	A	2
53	0	A	2
55	0	A	2
57	0	A	2
59	0	A	2
61	0	A	2
63	0	A	2
65	0	A	3
67	0	A	3
69	0	A	3
71	0	A	3
73	0	A	3
76	1	A	3
78	1	A	3
80	1	A	3
82	1	A	3
84	1	A	3
86	1	A	2
88	1	A	2
90	1	A	2
92	1	A	2
94	1	A	2
96	1	A	2
98	1	A	2
100	1	A	1
------------B---------------
V 	 Fixed 	 Partition 	 D Value
1	0	B	2
4	0	B	2
6	0	B	2
8	0	B	2
10	0	B	2
12	0	B	3
14	0	B	2
16	0	B	2
18	0	B	2
20	0	B	2
22	0	B	2
24	0	B	2
26	0	B	2
28	0	B	2
30	0	B	2
32	0	B	2
34	0	B	2
36	0	B	2
38	0	B	2
40	0	B	2
42	0	B	2
44	0	B	2
46	0	B	2
48	0	B	2
50	0	B	2
52	0	B	2
54	0	B	2
56	0	B	2
58	0	B	2
60	0	B	2
62	0	B	2
64	0	B	2
66	0	B	3
68	0	B	3
70	0	B	3
72	0	B	3
74	0	B	2
75	1	B	2
77	1	B	3
79	1	B	3
81	1	B	3
83	1	B	3
85	1	B	2
87	1	B	2
89	1	B	2
91	1	B	2
93	1	B	2
95	1	B	2
97	1	B	2
99	1	B	2
swapped nodes are 73 74
Pass: 14		Final partition cost: 206
------------A---------------
V 	 Fixed 	 Partition 	 D Value
2	0	A	2
3	0	A	1
5	0	A	2
7	0	A	2
9	0	A	2
11	0	A	3
13	0	A	2
15	0	A	2
17	0	A	2
19	0	A	2
21	0	A	2
23	0	A	2
25	0	A	2
27	0	A	2
29	0	A	2
31	0	A	2
33	0	A	2
35	0	A	2
37	0	A	2
39	0	A	2
41	0	A	2
43	0	A	2
45	0	A	2
47	0	A	2
49	0	A	2
51	0	A	2
53	0	A	2
55	0	A	2
57	0	A	2
59	0	A	2
61	0	A	2
63	0	A	3
65	0	A	3
67	0	A	3
69	0	A	3
71	0	A	3
74	1	A	3
76	1	A	3
78	1	A	3
80	1	A	3
82	1	A	3
84	1	A	2
86	1	A	2
88	1	A	2
90	1	A	2
92	1	A	2
94	1	A	2
96	1	A	2
98	1	A	2
100	1	A	1
------------B---------------
V 	 Fixed 	 Partition 	 D Value
1	0	B	2
4	0	B	2
6	0	B	2
8	0	B	2
10	0	B	2
12	0	B	3
14	0	B	2
16	0	B	2
18	0	B	2
20	0	B	2
22	0	B	2
24	0	B	2
26	0	B	2
28	0	B	2
30	0	B	2
32	0	B	2
34	0	B	2
36	0	B	2
38	0	B	2
40	0	B	2
42	0	B	2
44	0	B	2
46	0	B	2
48	0	B	2
50	0	B	2
52	0	B	2
54	0	B	2
56	0	B	2
58	0	B	2
60	0	B	2
62	0	B	2
64	0	B	3
66	0	B	3
68	0	B	3
70	0	B	3
72	0	B	2
73	1	B	2
75	1	B	3
77	1	B	3
79	1	B	3
81	1	B	3
83	1	B	2
85	1	B	2
87	1	B	2
89	1	B	2
91	1	B	2
93	1	B	2
95	1	B	2
97	1	B	2
99	1	B	2
swapped nodes are 71 72
Pass: 15		Final partition cost: 206
------------A---------------
V 	 Fixed 	 Partition 	 D Value
2	0	A	2
3	0	A	1
5	0	A	2
7	0	A	2
9	0	A	2
11	0	A	3
13	0	A	2
15	0	A	2
17	0	A	2
19	0	A	2
21	0	A	2
23	0	A	2
25	0	A	2
27	0	A	2
29	0	A	2
31	0	A	2
33	0	A	2
35	0	A	2
37	0	A	2
39	0	A	2
41	0	A	2
43	0	A	2
45	0	A	2
47	0	A	2
49	0	A	2
51	0	A	2
53	0	A	2
55	0	A	2
57	0	A	2
59	0	A	2
61	0	A	3
63	0	A	3
65	0	A	3
67	0	A	3
69	0	A	3
72	1	A	3
74	1	A	3
76	1	A	3
78	1	A	3
80	1	A	3
82	1	A	2
84	1	A	2
86	1	A	2
88	1	A	2
90	1	A	2
92	1	A	2
94	1	A	2
96	1	A	2
98	1	A	2
100	1	A	1
------------B---------------
V 	 Fixed 	 Partition 	 D Value
1	0	B	2
4	0	B	2
6	0	B	2
8	0	B	2
10	0	B	2
12	0	B	3
14	0	B	2
16	0	B	2
18	0	B	2
20	0	B	2
22	0	B	2
24	0	B	2
26	0	B	2
28	0	B	2
30	0	B	2
32	0	B	2
34	0	B	2
36	0	B	2
38	0	B	2
40	0	B	2
42	0	B	2
44	0	B	2
46	0	B	2
48	0	B	2
50	0	B	2
52	0	B	2
54	0	B	2
56	0	B	2
58	0	B	2
60	0	B	2
62	0	B	3
64	0	B	3
66	0	B	3
68	0	B	3
70	0	B	2
71	1	B	2
73	1	B	3
75	1	B	3
77	1	B	3
79	1	B	3
81	1	B	2
83	1	B	2
85	1	B	2
87	1	B	2
89	1	B	2
91	1	B	2
93	1	B	2
95	1	B	2
97	1	B	2
99	1	B	2
swapped nodes are 69 70
Pass: 16		Final partition cost: 206
------------A---------------
V 	 Fixed 	 Partition 	 D Value
2	0	A	2
3	0	A	1
5	0	A	2
7	0	A	2
9	0	A	2
11	0	A	3
13	0	A	2
15	0	A	2
17	0	A	2
19	0	A	2
21	0	A	2
23	0	A	2
25	0	A	2
27	0	A	2
29	0	A	2
31	0	A	2
33	0	A	2
35	0	A	2
37	0	A	2
39	0	A	2
41	0	A	2
43	0	A	2
45	0	A	2
47	0	A	2
49	0	A	2
51	0	A	2
53	0	A	2
55	0	A	2
57	0	A	2
59	0	A	3
61	0	A	3
63	0	A	3
65	0	A	3
67	0	A	3
70	1	A	3
72	1	A	3
74	1	A	3
76	1	A	3
78	1	A	3
80	1	A	2
82	1	A	2
84	1	A	2
86	1	A	2
88	1	A	2
90	1	A	2
92	1	A	2
94	1	A	2
96	1	A	2
98	1	A	2
100	1	A	1
------------B---------------
V 	 Fixed 	 Partition 	 D Value
1	0	B	2
4	0	B	2
6	0	B	2
8	0	B	2
10	0	B	2
12	0	B	3
14	0	B	2
16	0	B	2
18	0	B	2
20	0	B	2
22	0	B	2
24	0	B	2
26	0	B	2
28	0	B	2
30	0	B	2
32	0	B	2
34	0	B	2
36	0	B	2
38	0	B	2
40	0	B	2
42	0	B	2
44	0	B	2
46	0	B	2
48	0	B	2
50	0	B	2
52	0	B	2
54	0	B	2
56	0	B	2
58	0	B	2
60	0	B	3
62	0	B	3
64	0	B	3
66	0	B	3
68	0	B	2
69	1	B	2
71	1	B	3
73	1	B	3
75	1	B	3
77	1	B	3
79	1	B	2
81	1	B	2
83	1	B	2
85	1	B	2
87	1	B	2
89	1	B	2
91	1	B	2
93	1	B	2
95	1	B	2
97	1	B	2
99	1	B	2
swapped nodes are 67 68
Pass: 17		Final partition cost: 206
------------A---------------
V 	 Fixed 	 Partition 	 D Value
2	0	A	2
3	0	A	1
5	0	A	2
7	0	A	2
9	0	A	2
11	0	A	3
13	0	A	2
15	0	A	2
17	0	A	2
19	0	A	2
21	0	A	2
23	0	A	2
25	0	A	2
27	0	A	2
29	0	A	2
31	0	A	2
33	0	A	2
35	0	A	2
37	0	A	2
39	0	A	2
41	0	A	2
43	0	A	2
45	0	A	2
47	0	A	2
49	0	A	2
51	0	A	2
53	0	A	2
55	0	A	2
57	0	A	3
59	0	A	3
61	0	A	3
63	0	A	3
65	0	A	3
68	1	A	3
70	1	A	3
72	1	A	3
74	1	A	3
76	1	A	3
78	1	A	2
80	1	A	2
82	1	A	2
84	1	A	2
86	1	A	2
88	1	A	2
90	1	A	2
92	1	A	2
94	1	A	2
96	1	A	2
98	1	A	2
100	1	A	1
------------B---------------
V 	 Fixed 	 Partition 	 D Value
1	0	B	2
4	0	B	2
6	0	B	2
8	0	B	2
10	0	B	2
12	0	B	3
14	0	B	2
16	0	B	2
18	0	B	2
20	0	B	2
22	0	B	2
24	0	B	2
26	0	B	2
28	0	B	2
30	0	B	2
32	0	B	2
34	0	B	2
36	0	B	2
38	0	B	2
40	0	B	2
42	0	B	2
44	0	B	2
46	0	B	2
48	0	B	2
50	0	B	2
52	0	B	2
54	0	B	2
56	0	B	2
58	0	B	3
60	0	B	3
62	0	B	3
64	0	B	3
66	0	B	2
67	1	B	2
69	1	B	3
71	1	B	3
73	1	B	3
75	1	B	3
77	1	B	2
79	1	B	2
81	1	B	2
83	1	B	2
85	1	B	2
87	1	B	2
89	1	B	2
91	1	B	2
93	1	B	2
95	1	B	2
97	1	B	2
99	1	B	2
swapped nodes are 65 66
Pass: 18		Final partition cost: 206
------------A---------------
V 	 Fixed 	 Partition 	 D Value
2	0	A	2
3	0	A	1
5	0	A	2
7	0	A	2
9	0	A	2
11	0	A	3
13	0	A	2
15	0	A	2
17	0	A	2
19	0	A	2
21	0	A	2
23	0	A	2
25	0	A	2
27	0	A	2
29	0	A	2
31	0	A	2
33	0	A	2
35	0	A	2
37	0	A	2
39	0	A	2
41	0	A	2
43	0	A	2
45	0	A	2
47	0	A	2
49	0	A	2
51	0	A	2
53	0	A	2
55	0	A	3
57	0	A	3
59	0	A	3
61	0	A	3
63	0	A	3
66	1	A	3
68	1	A	3
70	1	A	3
72	1	A	3
74	1	A	3
76	1	A	2
78	1	A	2
80	1	A	2
82	1	A	2
84	1	A	2
86	1	A	2
88	1	A	2
90	1	A	2
92	1	A	2
94	1	A	2
96	1	A	2
98	1	A	2
100	1	A	1
------------B---------------
V 	 Fixed 	 Partition 	 D Value
1	0	B	2
4	0	B	2
6	0	B	2
8	0	B	2
10	0	B	2
12	0	B	3
14	0	B	2
16	0	B	2
18	0	B	2
20	0	B	2
22	0	B	2
24	0	B	2
26	0	B	2
28	0	B	2
30	0	B	2
32	0	B	2
34	0	B	2
36	0	B	2
38	0	B	2
40	0	B	2
42	0	B	2
44	0	B	2
46	0	B	2
48	0	B	2
50	0	B	2
52	0	B	2
54	0	B	2
56	0	B	3
58	0	B	3
60	0	B	3
62	0	B	3
64	0	B	2
65	1	B	2
67	1	B	3
69	1	B	3
71	1	B	3
73	1	B	3
75	1	B	2
77	1	B	2
79	1	B	2
81	1	B	2
83	1	B	2
85	1	B	2
87	1	B	2
89	1	B	2
91	1	B	2
93	1	B	2
95	1	B	2
97	1	B	2
99	1	B	2
swapped nodes are 63 64
Pass: 19		Final partition cost: 206
------------A---------------
V 	 Fixed 	 Partition 	 D Value
2	0	A	2
3	0	A	1
5	0	A	2
7	0	A	2
9	0	A	2
11	0	A	3
13	0	A	2
15	0	A	2
17	0	A	2
19	0	A	2
21	0	A	2
23	0	A	2
25	0	A	2
27	0	A	2
29	0	A	2
31	0	A	2
33	0	A	2
35	0	A	2
37	0	A	2
39	0	A	2
41	0	A	2
43	0	A	2
45	0	A	2
47	0	A	2
49	0	A	2
51	0	A	2
53	0	A	3
55	0	A	3
57	0	A	3
59	0	A	3
61	0	A	3
64	1	A	3
66	1	A	3
68	1	A	3
70	1	A	3
72	1	A	3
74	1	A	2
76	1	A	2
78	1	A	2
80	1	A	2
82	1	A	2
84	1	A	2
86	1	A	2
88	1	A	2
90	1	A	2
92	1	A	2
94	1	A	2
96	1	A	2
98	1	A	2
100	1	A	1
------------B---------------
V 	 Fixed 	 Partition 	 D Value
1	0	B	2
4	0	B	2
6	0	B	2
8	0	B	2
10	0	B	2
12	0	B	3
14	0	B	2
16	0	B	2
18	0	B	2
20	0	B	2
22	0	B	2
24	0	B	2
26	0	B	2
28	0	B	2
30	0	B	2
32	0	B	2
34	0	B	2
36	0	B	2
38	0	B	2
40	0	B	2
42	0	B	2
44	0	B	2
46	0	B	2
48	0	B	2
50	0	B	2
52	0	B	2
54	0	B	3
56	0	B	3
58	0	B	3
60	0	B	3
62	0	B	2
63	1	B	2
65	1	B	3
67	1	B	3
69	1	B	3
71	1	B	3
73	1	B	2
75	1	B	2
77	1	B	2
79	1	B	2
81	1	B	2
83	1	B	2
85	1	B	2
87	1	B	2
89	1	B	2
91	1	B	2
93	1	B	2
95	1	B	2
97	1	B	2
99	1	B	2
swapped nodes are 61 62
Pass: 20		Final partition cost: 206
------------A---------------
V 	 Fixed 	 Partition 	 D Value
2	0	A	2
3	0	A	1
5	0	A	2
7	0	A	2
9	0	A	2
11	0	A	3
13	0	A	2
15	0	A	2
17	0	A	2
19	0	A	2
21	0	A	2
23	0	A	2
25	0	A	2
27	0	A	2
29	0	A	2
31	0	A	2
33	0	A	2
35	0	A	2
37	0	A	2
39	0	A	2
41	0	A	2
43	0	A	2
45	0	A	2
47	0	A	2
49	0	A	2
51	0	A	3
53	0	A	3
55	0	A	3
57	0	A	3
59	0	A	3
62	1	A	3
64	1	A	3
66	1	A	3
68	1	A	3
70	1	A	3
72	1	A	2
74	1	A	2
76	1	A	2
78	1	A	2
80	1	A	2
82	1	A	2
84	1	A	2
86	1	A	2
88	1	A	2
90	1	A	2
92	1	A	2
94	1	A	2
96	1	A	2
98	1	A	2
100	1	A	1
------------B---------------
V 	 Fixed 	 Partition 	 D Value
1	0	B	2
4	0	B	2
6	0	B	2
8	0	B	2
10	0	B	2
12	0	B	3
14	0	B	2
16	0	B	2
18	0	B	2
20	0	B	2
22	0	B	2
24	0	B	2
26	0	B	2
28	0	B	2
30	0	B	2
32	0	B	2
34	0	B	2
36	0	B	2
38	0	B	2
40	0	B	2
42	0	B	2
44	0	B	2
46	0	B	2
48	0	B	2
50	0	B	2
52	0	B	3
54	0	B	3
56	0	B	3
58	0	B	3
60	0	B	2
61	1	B	2
63	1	B	3
65	1	B	3
67	1	B	3
69	1	B	3
71	1	B	2
73	1	B	2
75	1	B	2
77	1	B	2
79	1	B	2
81	1	B	2
83	1	B	2
85	1	B	2
87	1	B	2
89	1	B	2
91	1	B	2
93	1	B	2
95	1	B	2
97	1	B	2
99	1	B	2
swapped nodes are 59 60
Pass: 21		Final partition cost: 206
------------A---------------
V 	 Fixed 	 Partition 	 D Value
2	0	A	2
3	0	A	1
5	0	A	2
7	0	A	2
9	0	A	2
11	0	A	3
13	0	A	2
15	0	A	2
17	0	A	2
19	0	A	2
21	0	A	2
23	0	A	2
25	0	A	2
27	0	A	2
29	0	A	2
31	0	A	2
33	0	A	2
35	0	A	2
37	0	A	2
39	0	A	2
41	0	A	2
43	0	A	2
45	0	A	2
47	0	A	2
49	0	A	3
51	0	A	3
53	0	A	3
55	0	A	3
57	0	A	3
60	1	A	3
62	1	A	3
64	1	A	3
66	1	A	3
68	1	A	3
70	1	A	2
72	1	A	2
74	1	A	2
76	1	A	2
78	1	A	2
80	1	A	2
82	1	A	2
84	1	A	2
86	1	A	2
88	1	A	2
90	1	A	2
92	1	A	2
94	1	A	2
96	1	A	2
98	1	A	2
100	1	A	1
------------B---------------
V 	 Fixed 	 Partition 	 D Value
1	0	B	2
4	0	B	2
6	0	B	2
8	0	B	2
10	0	B	2
12	0	B	3
14	0	B	2
16	0	B	2
18	0	B	2
20	0	B	2
22	0	B	2
24	0	B	2
26	0	B	2
28	0	B	2
30	0	B	2
32	0	B	2
34	0	B	2
36	0	B	2
38	0	B	2
40	0	B	2
42	0	B	2
44	0	B	2
46	0	B	2
48	0	B	2
50	0	B	3
52	0	B	3
54	0	B	3
56	0	B	3
58	0	B	2
59	1	B	2
61	1	B	3
63	1	B	3
65	1	B	3
67	1	B	3
69	1	B	2
71	1	B	2
73	1	B	2
75	1	B	2
77	1	B	2
79	1	B	2
81	1	B	2
83	1	B	2
85	1	B	2
87	1	B	2
89	1	B	2
91	1	B	2
93	1	B	2
95	1	B	2
97	1	B	2
99	1	B	2
swapped nodes are 57 58
Pass: 22		Final partition cost: 206
------------A---------------
V 	 Fixed 	 Partition 	 D Value
2	0	A	2
3	0	A	1
5	0	A	2
7	0	A	2
9	0	A	2
11	0	A	3
13	0	A	2
15	0	A	2
17	0	A	2
19	0	A	2
21	0	A	2
23	0	A	2
25	0	A	2
27	0	A	2
29	0	A	2
31	0	A	2
33	0	A	2
35	0	A	2
37	0	A	2
39	0	A	2
41	0	A	2
43	0	A	2
45	0	A	2
47	0	A	3
49	0	A	3
51	0	A	3
53	0	A	3
55	0	A	3
58	1	A	3
60	1	A	3
62	1	A	3
64	1	A	3
66	1	A	3
68	1	A	2
70	1	A	2
72	1	A	2
74	1	A	2
76	1	A	2
78	1	A	2
80	1	A	2
82	1	A	2
84	1	A	2
86	1	A	2
88	1	A	2
90	1	A	2
92	1	A	2
94	1	A	2
96	1	A	2
98	1	A	2
100	1	A	1
------------B---------------
V 	 Fixed 	 Partition 	 D Value
1	0	B	2
4	0	B	2
6	0	B	2
8	0	B	2
10	0	B	2
12	0	B	3
14	0	B	2
16	0	B	2
18	0	B	2
20	0	B	2
22	0	B	2
24	0	B	2
26	0	B	2
28	0	B	2
30	0	B	2
32	0	B	2
34	0	B	2
36	0	B	2
38	0	B	2
40	0	B	2
42	0	B	2
44	0	B	2
46	0	B	2
48	0	B	3
50	0	B	3
52	0	B	3
54	0	B	3
56	0	B	2
57	1	B	2
59	1	B	3
61	1	B	3
63	1	B	3
65	1	B	3
67	1	B	2
69	1	B	2
71	1	B	2
73	1	B	2
75	1	B	2
77	1	B	2
79	1	B	2
81	1	B	2
83	1	B	2
85	1	B	2
87	1	B	2
89	1	B	2
91	1	B	2
93	1	B	2
95	1	B	2
97	1	B	2
99	1	B	2
swapped nodes are 55 56
Pass: 23		Final partition cost: 206
------------A---------------
V 	 Fixed 	 Partition 	 D Value
2	0	A	2
3	0	A	1
5	0	A	2
7	0	A	2
9	0	A	2
11	0	A	3
13	0	A	2
15	0	A	2
17	0	A	2
19	0	A	2
21	0	A	2
23	0	A	2
25	0	A	2
27	0	A	2
29	0	A	2
31	0	A	2
33	0	A	2
35	0	A	2
37	0	A	2
39	0	A	2
41	0	A	2
43	0	A	2
45	0	A	3
47	0	A	3
49	0	A	3
51	0	A	3
53	0	A	3
56	1	A	3
58	1	A	3
60	1	A	3
62	1	A	3
64	1	A	3
66	1	A	2
68	1	A	2
70	1	A	2
72	1	A	2
74	1	A	2
76	1	A	2
78	1	A	2
80	1	A	2
82	1	A	2
84	1	A	2
86	1	A	2
88	1	A	2
90	1	A	2
92	1	A	2
94	1	A	2
96	1	A	2
98	1	A	2
100	1	A	1
------------B---------------
V 	 Fixed 	 Partition 	 D Value
1	0	B	2
4	0	B	2
6	0	B	2
8	0	B	2
10	0	B	2
12	0	B	3
14	0	B	2
16	0	B	2
18	0	B	2
20	0	B	2
22	0	B	2
24	0	B	2
26	0	B	2
28	0	B	2
30	0	B	2
32	0	B	2
34	0	B	2
36	0	B	2
38	0	B	2
40	0	B	2
42	0	B	2
44	0	B	2
46	0	B	3
48	0	B	3
50	0	B	3
52	0	B	3
54	0	B	2
55	1	B	2
57	1	B	3
59	1	B	3
61	1	B	3
63	1	B	3
65	1	B	2
67	1	B	2
69	1	B	2
71	1	B	2
73	1	B	2
75	1	B	2
77	1	B	2
79	1	B	2
81	1	B	2
83	1	B	2
85	1	B	2
87	1	B	2
89	1	B	2
91	1	B	2
93	1	B	2
95	1	B	2
97	1	B	2
99	1	B	2
swapped nodes are 53 54
Pass: 24		Final partition cost: 206
------------A---------------
V 	 Fixed 	 Partition 	 D Value
2	0	A	2
3	0	A	1
5	0	A	2
7	0	A	2
9	0	A	2
11	0	A	3
13	0	A	2
15	0	A	2
17	0	A	2
19	0	A	2
21	0	A	2
23	0	A	2
25	0	A	2
27	0	A	2
29	0	A	2
31	0	A	2
33	0	A	2
35	0	A	2
37	0	A	2
39	0	A	2
41	0	A	2
43	0	A	3
45	0	A	3
47	0	A	3
49	0	A	3
51	0	A	3
54	1	A	3
56	1	A	3
58	1	A	3
60	1	A	3
62	1	A	3
64	1	A	2
66	1	A	2
68	1	A	2
70	1	A	2
72	1	A	2
74	1	A	2
76	1	A	2
78	1	A	2
80	1	A	2
82	1	A	2
84	1	A	2
86	1	A	2
88	1	A	2
90	1	A	2
92	1	A	2
94	1	A	2
96	1	A	2
98	1	A	2
100	1	A	1
------------B---------------
V 	 Fixed 	 Partition 	 D Value
1	0	B	2
4	0	B	2
6	0	B	2
8	0	B	2
10	0	B	2
12	0	B	3
14	0	B	2
16	0	B	2
18	0	B	2
20	0	B	2
22	0	B	2
24	0	B	2
26	0	B	2
28	0	B	2
30	0	B	2
32	0	B	2
34	0	B	2
36	0	B	2
38	0	B	2
40	0	B	2
42	0	B	2
44	0	B	3
46	0	B	3
48	0	B	3
50	0	B	3
52	0	B	2
53	1	B	2
55	1	B	3
57	1	B	3
59	1	B	3
61	1	B	3
63	1	B	2
65	1	B	2
67	1	B	2
69	1	B	2
71	1	B	2
73	1	B	2
75	1	B	2
77	1	B	2
79	1	B	2
81	1	B	2
83	1	B	2
85	1	B	2
87	1	B	2
89	1	B	2
91	1	B	2
93	1	B	2
95	1	B	2
97	1	B	2
99	1	B	2
swapped nodes are 51 52
Pass: 25		Final partition cost: 206
------------A---------------
V 	 Fixed 	 Partition 	 D Value
2	0	A	2
3	0	A	1
5	0	A	2
7	0	A	2
9	0	A	2
11	0	A	3
13	0	A	2
15	0	A	2
17	0	A	2
19	0	A	2
21	0	A	2
23	0	A	2
25	0	A	2
27	0	A	2
29	0	A	2
31	0	A	2
33	0	A	2
35	0	A	2
37	0	A	2
39	0	A	2
41	0	A	3
43	0	A	3
45	0	A	3
47	0	A	3
49	0	A	3
52	1	A	3
54	1	A	3
56	1	A	3
58	1	A	3
60	1	A	3
62	1	A	2
64	1	A	2
66	1	A	2
68	1	A	2
70	1	A	2
72	1	A	2
74	1	A	2
76	1	A	2
78	1	A	2
80	1	A	2
82	1	A	2
84	1	A	2
86	1	A	2
88	1	A	2
90	1	A	2
92	1	A	2
94	1	A	2
96	1	A	2
98	1	A	2
100	1	A	1
------------B---------------
V 	 Fixed 	 Partition 	 D Value
1	0	B	2
4	0	B	2
6	0	B	2
8	0	B	2
10	0	B	2
12	0	B	3
14	0	B	2
16	0	B	2
18	0	B	2
20	0	B	2
22	0	B	2
24	0	B	2
26	0	B	2
28	0	B	2
30	0	B	2
32	0	B	2
34	0	B	2
36	0	B	2
38	0	B	2
40	0	B	2
42	0	B	3
44	0	B	3
46	0	B	3
48	0	B	3
50	0	B	2
51	1	B	2
53	1	B	3
55	1	B	3
57	1	B	3
59	1	B	3
61	1	B	2
63	1	B	2
65	1	B	2
67	1	B	2
69	1	B	2
71	1	B	2
73	1	B	2
75	1	B	2
77	1	B	2
79	1	B	2
81	1	B	2
83	1	B	2
85	1	B	2
87	1	B	2
89	1	B	2
91	1	B	2
93	1	B	2
95	1	B	2
97	1	B	2
99	1	B	2
swapped nodes are 49 50
Pass: 26		Final partition cost: 206
------------A---------------
V 	 Fixed 	 Partition 	 D Value
2	0	A	2
3	0	A	1
5	0	A	2
7	0	A	2
9	0	A	2
11	0	A	3
13	0	A	2
15	0	A	2
17	0	A	2
19	0	A	2
21	0	A	2
23	0	A	2
25	0	A	2
27	0	A	2
29	0	A	2
31	0	A	2
33	0	A	2
35	0	A	2
37	0	A	2
39	0	A	3
41	0	A	3
43	0	A	3
45	0	A	3
47	0	A	3
50	1	A	3
52	1	A	3
54	1	A	3
56	1	A	3
58	1	A	3
60	1	A	2
62	1	A	2
64	1	A	2
66	1	A	2
68	1	A	2
70	1	A	2
72	1	A	2
74	1	A	2
76	1	A	2
78	1	A	2
80	1	A	2
82	1	A	2
84	1	A	2
86	1	A	2
88	1	A	2
90	1	A	2
92	1	A	2
94	1	A	2
96	1	A	2
98	1	A	2
100	1	A	1
------------B---------------
V 	 Fixed 	 Partition 	 D Value
1	0	B	2
4	0	B	2
6	0	B	2
8	0	B	2
10	0	B	2
12	0	B	3
14	0	B	2
16	0	B	2
18	0	B	2
20	0	B	2
22	0	B	2
24	0	B	2
26	0	B	2
28	0	B	2
30	0	B	2
32	0	B	2
34	0	B	2
36	0	B	2
38	0	B	2
40	0	B	3
42	0	B	3
44	0	B	3
46	0	B	3
48	0	B	2
49	1	B	2
51	1	B	3
53	1	B	3
55	1	B	3
57	1	B	3
59	1	B	2
61	1	B	2
63	1	B	2
65	1	B	2
67	1	B	2
69	1	B	2
71	1	B	2
73	1	B	2
75	1	B	2
77	1	B	2
79	1	B	2
81	1	B	2
83	1	B	2
85	1	B	2
87	1	B	2
89	1	B	2
91	1	B	2
93	1	B	2
95	1	B	2
97	1	B	2
99	1	B	2
swapped nodes are 47 48
Pass: 27		Final partition cost: 206
------------A---------------
V 	 Fixed 	 Partition 	 D Value
2	0	A	2
3	0	A	1
5	0	A	2
7	0	A	2
9	0	A	2
11	0	A	3
13	0	A	2
15	0	A	2
17	0	A	2
19	0	A	2
21	0	A	2
23	0	A	2
25	0	A	2
27	0	A	2
29	0	A	2
31	0	A	2
33	0	A	2
35	0	A	2
37	0	A	3
39	0	A	3
41	0	A	3
43	0	A	3
45	0	A	3
48	1	A	3
50	1	A	3
52	1	A	3
54	1	A	3
56	1	A	3
58	1	A	2
60	1	A	2
62	1	A	2
64	1	A	2
66	1	A	2
68	1	A	2
70	1	A	2
72	1	A	2
74	1	A	2
76	1	A	2
78	1	A	2
80	1	A	2
82	1	A	2
84	1	A	2
86	1	A	2
88	1	A	2
90	1	A	2
92	1	A	2
94	1	A	2
96	1	A	2
98	1	A	2
100	1	A	1
------------B---------------
V 	 Fixed 	 Partition 	 D Value
1	0	B	2
4	0	B	2
6	0	B	2
8	0	B	2
10	0	B	2
12	0	B	3
14	0	B	2
16	0	B	2
18	0	B	2
20	0	B	2
22	0	B	2
24	0	B	2
26	0	B	2
28	0	B	2
30	0	B	2
32	0	B	2
34	0	B	2
36	0	B	2
38	0	B	3
40	0	B	3
42	0	B	3
44	0	B	3
46	0	B	2
47	1	B	2
49	1	B	3
51	1	B	3
53	1	B	3
55	1	B	3
57	1	B	2
59	1	B	2
61	1	B	2
63	1	B	2
65	1	B	2
67	1	B	2
69	1	B	2
71	1	B	2
73	1	B	2
75	1	B	2
77	1	B	2
79	1	B	2
81	1	B	2
83	1	B	2
85	1	B	2
87	1	B	2
89	1	B	2
91	1	B	2
93	1	B	2
95	1	B	2
97	1	B	2
99	1	B	2
swapped nodes are 45 46
Pass: 28		Final partition cost: 206
------------A---------------
V 	 Fixed 	 Partition 	 D Value
2	0	A	2
3	0	A	1
5	0	A	2
7	0	A	2
9	0	A	2
11	0	A	3
13	0	A	2
15	0	A	2
17	0	A	2
19	0	A	2
21	0	A	2
23	0	A	2
25	0	A	2
27	0	A	2
29	0	A	2
31	0	A	2
33	0	A	2
35	0	A	3
37	0	A	3
39	0	A	3
41	0	A	3
43	0	A	3
46	1	A	3
48	1	A	3
50	1	A	3
52	1	A	3
54	1	A	3
56	1	A	2
58	1	A	2
60	1	A	2
62	1	A	2
64	1	A	2
66	1	A	2
68	1	A	2
70	1	A	2
72	1	A	2
74	1	A	2
76	1	A	2
78	1	A	2
80	1	A	2
82	1	A	2
84	1	A	2
86	1	A	2
88	1	A	2
90	1	A	2
92	1	A	2
94	1	A	2
96	1	A	2
98	1	A	2
100	1	A	1
------------B---------------
V 	 Fixed 	 Partition 	 D Value
1	0	B	2
4	0	B	2
6	0	B	2
8	0	B	2
10	0	B	2
12	0	B	3
14	0	B	2
16	0	B	2
18	0	B	2
20	0	B	2
22	0	B	2
24	0	B	2
26	0	B	2
28	0	B	2
30	0	B	2
32	0	B	2
34	0	B	2
36	0	B	3
38	0	B	3
40	0	B	3
42	0	B	3
44	0	B	2
45	1	B	2
47	1	B	3
49	1	B	3
51	1	B	3
53	1	B	3
55	1	B	2
57	1	B	2
59	1	B	2
61	1	B	2
63	1	B	2
65	1	B	2
67	1	B	2
69	1	B	2
71	1	B	2
73	1	B	2
75	1	B	2
77	1	B	2
79	1	B	2
81	1	B	2
83	1	B	2
85	1	B	2
87	1	B	2
89	1	B	2
91	1	B	2
93	1	B	2
95	1	B	2
97	1	B	2
99	1	B	2
swapped nodes are 43 44
Pass: 29		Final partition cost: 206
------------A---------------
V 	 Fixed 	 Partition 	 D Value
2	0	A	2
3	0	A	1
5	0	A	2
7	0	A	2
9	0	A	2
11	0	A	3
13	0	A	2
15	0	A	2
17	0	A	2
19	0	A	2
21	0	A	2
23	0	A	2
25	0	A	2
27	0	A	2
29	0	A	2
31	0	A	2
33	0	A	3
35	0	A	3
37	0	A	3
39	0	A	3
41	0	A	3
44	1	A	3
46	1	A	3
48	1	A	3
50	1	A	3
52	1	A	3
54	1	A	2
56	1	A	2
58	1	A	2
60	1	A	2
62	1	A	2
64	1	A	2
66	1	A	2
68	1	A	2
70	1	A	2
72	1	A	2
74	1	A	2
76	1	A	2
78	1	A	2
80	1	A	2
82	1	A	2
84	1	A	2
86	1	A	2
88	1	A	2
90	1	A	2
92	1	A	2
94	1	A	2
96	1	A	2
98	1	A	2
100	1	A	1
------------B---------------
V 	 Fixed 	 Partition 	 D Value
1	0	B	2
4	0	B	2
6	0	B	2
8	0	B	2
10	0	B	2
12	0	B	3
14	0	B	2
16	0	B	2
18	0	B	2
20	0	B	2
22	0	B	2
24	0	B	2
26	0	B	2
28	0	B	2
30	0	B	2
32	0	B	2
34	0	B	3
36	0	B	3
38	0	B	3
40	0	B	3
42	0	B	2
43	1	B	2
45	1	B	3
47	1	B	3
49	1	B	3
51	1	B	3
53	1	B	2
55	1	B	2
57	1	B	2
59	1	B	2
61	1	B	2
63	1	B	2
65	1	B	2
67	1	B	2
69	1	B	2
71	1	B	2
73	1	B	2
75	1	B	2
77	1	B	2
79	1	B	2
81	1	B	2
83	1	B	2
85	1	B	2
87	1	B	2
89	1	B	2
91	1	B	2
93	1	B	2
95	1	B	2
97	1	B	2
99	1	B	2
swapped nodes are 41 42
Pass: 30		Final partition cost: 206
------------A---------------
V 	 Fixed 	 Partition 	 D Value
2	0	A	2
3	0	A	1
5	0	A	2
7	0	A	2
9	0	A	2
11	0	A	3
13	0	A	2
15	0	A	2
17	0	A	2
19	0	A	2
21	0	A	2
23	0	A	2
25	0	A	2
27	0	A	2
29	0	A	2
31	0	A	3
33	0	A	3
35	0	A	3
37	0	A	3
39	0	A	3
42	1	A	3
44	1	A	3
46	1	A	3
48	1	A	3
50	1	A	3
52	1	A	2
54	1	A	2
56	1	A	2
58	1	A	2
60	1	A	2
62	1	A	2
64	1	A	2
66	1	A	2
68	1	A	2
70	1	A	2
72	1	A	2
74	1	A	2
76	1	A	2
78	1	A	2
80	1	A	2
82	1	A	2
84	1	A	2
86	1	A	2
88	1	A	2
90	1	A	2
92	1	A	2
94	1	A	2
96	1	A	2
98	1	A	2
100	1	A	1
------------B---------------
V 	 Fixed 	 Partition 	 D Value
1	0	B	2
4	0	B	2
6	0	B	2
8	0	B	2
10	0	B	2
12	0	B	3
14	0	B	2
16	0	B	2
18	0	B	2
20	0	B	2
22	0	B	2
24	0	B	2
26	0	B	2
28	0	B	2
30	0	B	2
32	0	B	3
34	0	B	3
36	0	B	3
38	0	B	3
40	0	B	2
41	1	B	2
43	1	B	3
45	1	B	3
47	1	B	3
49	1	B	3
51	1	B	2
53	1	B	2
55	1	B	2
57	1	B	2
59	1	B	2
61	1	B	2
63	1	B	2
65	1	B	2
67	1	B	2
69	1	B	2
71	1	B	2
73	1	B	2
75	1	B	2
77	1	B	2
79	1	B	2
81	1	B	2
83	1	B	2
85	1	B	2
87	1	B	2
89	1	B	2
91	1	B	2
93	1	B	2
95	1	B	2
97	1	B	2
99	1	B	2
swapped nodes are 39 40
Pass: 31		Final partition cost: 206
------------A---------------
V 	 Fixed 	 Partition 	 D Value
2	0	A	2
3	0	A	1
5	0	A	2
7	0	A	2
9	0	A	2
11	0	A	3
13	0	A	2
15	0	A	2
17	0	A	2
19	0	A	2
21	0	A	2
23	0	A	2
25	0	A	2
27	0	A	2
29	0	A	3
31	0	A	3
33	0	A	3
35	0	A	3
37	0	A	3
40	1	A	3
42	1	A	3
44	1	A	3
46	1	A	3
48	1	A	3
50	1	A	2
52	1	A	2
54	1	A	2
56	1	A	2
58	1	A	2
60	1	A	2
62	1	A	2
64	1	A	2
66	1	A	2
68	1	A	2
70	1	A	2
72	1	A	2
74	1	A	2
76	1	A	2
78	1	A	2
80	1	A	2
82	1	A	2
84	1	A	2
86	1	A	2
88	1	A	2
90	1	A	2
92	1	A	2
94	1	A	2
96	1	A	2
98	1	A	2
100	1	A	1
------------B---------------
V 	 Fixed 	 Partition 	 D Value
1	0	B	2
4	0	B	2
6	0	B	2
8	0	B	2
10	0	B	2
12	0	B	3
14	0	B	2
16	0	B	2
18	0	B	2
20	0	B	2
22	0	B	2
24	0	B	2
26	0	B	2
28	0	B	2
30	0	B	3
32	0	B	3
34	0	B	3
36	0	B	3
38	0	B	2
39	1	B	2
41	1	B	3
43	1	B	3
45	1	B	3
47	1	B	3
49	1	B	2
51	1	B	2
53	1	B	2
55	1	B	2
57	1	B	2
59	1	B	2
61	1	B	2
63	1	B	2
65	1	B	2
67	1	B	2
69	1	B	2
71	1	B	2
73	1	B	2
75	1	B	2
77	1	B	2
79	1	B	2
81	1	B	2
83	1	B	2
85	1	B	2
87	1	B	2
89	1	B	2
91	1	B	2
93	1	B	2
95	1	B	2
97	1	B	2
99	1	B	2
swapped nodes are 37 38
Pass: 32		Final partition cost: 206
------------A---------------
V 	 Fixed 	 Partition 	 D Value
2	0	A	2
3	0	A	1
5	0	A	2
7	0	A	2
9	0	A	2
11	0	A	3
13	0	A	2
15	0	A	2
17	0	A	2
19	0	A	2
21	0	A	2
23	0	A	2
25	0	A	2
27	0	A	3
29	0	A	3
31	0	A	3
33	0	A	3
35	0	A	3
38	1	A	3
40	1	A	3
42	1	A	3
44	1	A	3
46	1	A	3
48	1	A	2
50	1	A	2
52	1	A	2
54	1	A	2
56	1	A	2
58	1	A	2
60	1	A	2
62	1	A	2
64	1	A	2
66	1	A	2
68	1	A	2
70	1	A	2
72	1	A	2
74	1	A	2
76	1	A	2
78	1	A	2
80	1	A	2
82	1	A	2
84	1	A	2
86	1	A	2
88	1	A	2
90	1	A	2
92	1	A	2
94	1	A	2
96	1	A	2
98	1	A	2
100	1	A	1
------------B---------------
V 	 Fixed 	 Partition 	 D Value
1	0	B	2
4	0	B	2
6	0	B	2
8	0	B	2
10	0	B	2
12	0	B	3
14	0	B	2
16	0	B	2
18	0	B	2
20	0	B	2
22	0	B	2
24	0	B	2
26	0	B	2
28	0	B	3
30	0	B	3
32	0	B	3
34	0	B	3
36	0	B	2
37	1	B	2
39	1	B	3
41	1	B	3
43	1	B	3
45	1	B	3
47	1	B	2
49	1	B	2
51	1	B	2
53	1	B	2
55	1	B	2
57	1	B	2
59	1	B	2
61	1	B	2
63	1	B	2
65	1	B	2
67	1	B	2
69	1	B	2
71	1	B	2
73	1	B	2
75	1	B	2
77	1	B	2
79	1	B	2
81	1	B	2
83	1	B	2
85	1	B	2
87	1	B	2
89	1	B	2
91	1	B	2
93	1	B	2
95	1	B	2
97	1	B	2
99	1	B	2
swapped nodes are 35 36
Pass: 33		Final partition cost: 206
------------A---------------
V 	 Fixed 	 Partition 	 D Value
2	0	A	2
3	0	A	1
5	0	A	2
7	0	A	2
9	0	A	2
11	0	A	3
13	0	A	2
15	0	A	2
17	0	A	2
19	0	A	2
21	0	A	2
23	0	A	2
25	0	A	3
27	0	A	3
29	0	A	3
31	0	A	3
33	0	A	3
36	1	A	3
38	1	A	3
40	1	A	3
42	1	A	3
44	1	A	3
46	1	A	2
48	1	A	2
50	1	A	2
52	1	A	2
54	1	A	2
56	1	A	2
58	1	A	2
60	1	A	2
62	1	A	2
64	1	A	2
66	1	A	2
68	1	A	2
70	1	A	2
72	1	A	2
74	1	A	2
76	1	A	2
78	1	A	2
80	1	A	2
82	1	A	2
84	1	A	2
86	1	A	2
88	1	A	2
90	1	A	2
92	1	A	2
94	1	A	2
96	1	A	2
98	1	A	2
100	1	A	1
------------B---------------
V 	 Fixed 	 Partition 	 D Value
1	0	B	2
4	0	B	2
6	0	B	2
8	0	B	2
10	0	B	2
12	0	B	3
14	0	B	2
16	0	B	2
18	0	B	2
20	0	B	2
22	0	B	2
24	0	B	2
26	0	B	3
28	0	B	3
30	0	B	3
32	0	B	3
34	0	B	2
35	1	B	2
37	1	B	3
39	1	B	3
41	1	B	3
43	1	B	3
45	1	B	2
47	1	B	2
49	1	B	2
51	1	B	2
53	1	B	2
55	1	B	2
57	1	B	2
59	1	B	2
61	1	B	2
63	1	B	2
65	1	B	2
67	1	B	2
69	1	B	2
71	1	B	2
73	1	B	2
75	1	B	2
77	1	B	2
79	1	B	2
81	1	B	2
83	1	B	2
85	1	B	2
87	1	B	2
89	1	B	2
91	1	B	2
93	1	B	2
95	1	B	2
97	1	B	2
99	1	B	2
swapped nodes are 33 34
Pass: 34		Final partition cost: 206
------------A---------------
V 	 Fixed 	 Partition 	 D Value
2	0	A	2
3	0	A	1
5	0	A	2
7	0	A	2
9	0	A	2
11	0	A	3
13	0	A	2
15	0	A	2
17	0	A	2
19	0	A	2
21	0	A	2
23	0	A	3
25	0	A	3
27	0	A	3
29	0	A	3
31	0	A	3
34	1	A	3
36	1	A	3
38	1	A	3
40	1	A	3
42	1	A	3
44	1	A	2
46	1	A	2
48	1	A	2
50	1	A	2
52	1	A	2
54	1	A	2
56	1	A	2
58	1	A	2
60	1	A	2
62	1	A	2
64	1	A	2
66	1	A	2
68	1	A	2
70	1	A	2
72	1	A	2
74	1	A	2
76	1	A	2
78	1	A	2
80	1	A	2
82	1	A	2
84	1	A	2
86	1	A	2
88	1	A	2
90	1	A	2
92	1	A	2
94	1	A	2
96	1	A	2
98	1	A	2
100	1	A	1
------------B---------------
V 	 Fixed 	 Partition 	 D Value
1	0	B	2
4	0	B	2
6	0	B	2
8	0	B	2
10	0	B	2
12	0	B	3
14	0	B	2
16	0	B	2
18	0	B	2
20	0	B	2
22	0	B	2
24	0	B	3
26	0	B	3
28	0	B	3
30	0	B	3
32	0	B	2
33	1	B	2
35	1	B	3
37	1	B	3
39	1	B	3
41	1	B	3
43	1	B	2
45	1	B	2
47	1	B	2
49	1	B	2
51	1	B	2
53	1	B	2
55	1	B	2
57	1	B	2
59	1	B	2
61	1	B	2
63	1	B	2
65	1	B	2
67	1	B	2
69	1	B	2
71	1	B	2
73	1	B	2
75	1	B	2
77	1	B	2
79	1	B	2
81	1	B	2
83	1	B	2
85	1	B	2
87	1	B	2
89	1	B	2
91	1	B	2
93	1	B	2
95	1	B	2
97	1	B	2
99	1	B	2
swapped nodes are 31 32
Pass: 35		Final partition cost: 206
------------A---------------
V 	 Fixed 	 Partition 	 D Value
2	0	A	2
3	0	A	1
5	0	A	2
7	0	A	2
9	0	A	2
11	0	A	3
13	0	A	2
15	0	A	2
17	0	A	2
19	0	A	2
21	0	A	3
23	0	A	3
25	0	A	3
27	0	A	3
29	0	A	3
32	1	A	3
34	1	A	3
36	1	A	3
38	1	A	3
40	1	A	3
42	1	A	2
44	1	A	2
46	1	A	2
48	1	A	2
50	1	A	2
52	1	A	2
54	1	A	2
56	1	A	2
58	1	A	2
60	1	A	2
62	1	A	2
64	1	A	2
66	1	A	2
68	1	A	2
70	1	A	2
72	1	A	2
74	1	A	2
76	1	A	2
78	1	A	2
80	1	A	2
82	1	A	2
84	1	A	2
86	1	A	2
88	1	A	2
90	1	A	2
92	1	A	2
94	1	A	2
96	1	A	2
98	1	A	2
100	1	A	1
------------B---------------
V 	 Fixed 	 Partition 	 D Value
1	0	B	2
4	0	B	2
6	0	B	2
8	0	B	2
10	0	B	2
12	0	B	3
14	0	B	2
16	0	B	2
18	0	B	2
20	0	B	2
22	0	B	3
24	0	B	3
26	0	B	3
28	0	B	3
30	0	B	2
31	1	B	2
33	1	B	3
35	1	B	3
37	1	B	3
39	1	B	3
41	1	B	2
43	1	B	2
45	1	B	2
47	1	B	2
49	1	B	2
51	1	B	2
53	1	B	2
55	1	B	2
57	1	B	2
59	1	B	2
61	1	B	2
63	1	B	2
65	1	B	2
67	1	B	2
69	1	B	2
71	1	B	2
73	1	B	2
75	1	B	2
77	1	B	2
79	1	B	2
81	1	B	2
83	1	B	2
85	1	B	2
87	1	B	2
89	1	B	2
91	1	B	2
93	1	B	2
95	1	B	2
97	1	B	2
99	1	B	2
swapped nodes are 29 30
Pass: 36		Final partition cost: 206
------------A---------------
V 	 Fixed 	 Partition 	 D Value
2	0	A	2
3	0	A	1
5	0	A	2
7	0	A	2
9	0	A	2
11	0	A	3
13	0	A	2
15	0	A	2
17	0	A	2
19	0	A	3
21	0	A	3
23	0	A	3
25	0	A	3
27	0	A	3
30	1	A	3
32	1	A	3
34	1	A	3
36	1	A	3
38	1	A	3
40	1	A	2
42	1	A	2
44	1	A	2
46	1	A	2
48	1	A	2
50	1	A	2
52	1	A	2
54	1	A	2
56	1	A	2
58	1	A	2
60	1	A	2
62	1	A	2
64	1	A	2
66	1	A	2
68	1	A	2
70	1	A	2
72	1	A	2
74	1	A	2
76	1	A	2
78	1	A	2
80	1	A	2
82	1	A	2
84	1	A	2
86	1	A	2
88	1	A	2
90	1	A	2
92	1	A	2
94	1	A	2
96	1	A	2
98	1	A	2
100	1	A	1
------------B---------------
V 	 Fixed 	 Partition 	 D Value
1	0	B	2
4	0	B	2
6	0	B	2
8	0	B	2
10	0	B	2
12	0	B	3
14	0	B	2
16	0	B	2
18	0	B	2
20	0	B	3
22	0	B	3
24	0	B	3
26	0	B	3
28	0	B	2
29	1	B	2
31	1	B	3
33	1	B	3
35	1	B	3
37	1	B	3
39	1	B	2
41	1	B	2
43	1	B	2
45	1	B	2
47	1	B	2
49	1	B	2
51	1	B	2
53	1	B	2
55	1	B	2
57	1	B	2
59	1	B	2
61	1	B	2
63	1	B	2
65	1	B	2
67	1	B	2
69	1	B	2
71	1	B	2
73	1	B	2
75	1	B	2
77	1	B	2
79	1	B	2
81	1	B	2
83	1	B	2
85	1	B	2
87	1	B	2
89	1	B	2
91	1	B	2
93	1	B	2
95	1	B	2
97	1	B	2
99	1	B	2
swapped nodes are 27 28
Pass: 37		Final partition cost: 206
------------A---------------
V 	 Fixed 	 Partition 	 D Value
2	0	A	2
3	0	A	1
5	0	A	2
7	0	A	2
9	0	A	2
11	0	A	3
13	0	A	2
15	0	A	2
17	0	A	3
19	0	A	3
21	0	A	3
23	0	A	3
25	0	A	3
28	1	A	3
30	1	A	3
32	1	A	3
34	1	A	3
36	1	A	3
38	1	A	2
40	1	A	2
42	1	A	2
44	1	A	2
46	1	A	2
48	1	A	2
50	1	A	2
52	1	A	2
54	1	A	2
56	1	A	2
58	1	A	2
60	1	A	2
62	1	A	2
64	1	A	2
66	1	A	2
68	1	A	2
70	1	A	2
72	1	A	2
74	1	A	2
76	1	A	2
78	1	A	2
80	1	A	2
82	1	A	2
84	1	A	2
86	1	A	2
88	1	A	2
90	1	A	2
92	1	A	2
94	1	A	2
96	1	A	2
98	1	A	2
100	1	A	1
------------B---------------
V 	 Fixed 	 Partition 	 D Value
1	0	B	2
4	0	B	2
6	0	B	2
8	0	B	2
10	0	B	2
12	0	B	3
14	0	B	2
16	0	B	2
18	0	B	3
20	0	B	3
22	0	B	3
24	0	B	3
26	0	B	2
27	1	B	2
29	1	B	3
31	1	B	3
33	1	B	3
35	1	B	3
37	1	B	2
39	1	B	2
41	1	B	2
43	1	B	2
45	1	B	2
47	1	B	2
49	1	B	2
51	1	B	2
53	1	B	2
55	1	B	2
57	1	B	2
59	1	B	2
61	1	B	2
63	1	B	2
65	1	B	2
67	1	B	2
69	1	B	2
71	1	B	2
73	1	B	2
75	1	B	2
77	1	B	2
79	1	B	2
81	1	B	2
83	1	B	2
85	1	B	2
87	1	B	2
89	1	B	2
91	1	B	2
93	1	B	2
95	1	B	2
97	1	B	2
99	1	B	2
swapped nodes are 25 26
Pass: 38		Final partition cost: 206
------------A---------------
V 	 Fixed 	 Partition 	 D Value
2	0	A	2
3	0	A	1
5	0	A	2
7	0	A	2
9	0	A	2
11	0	A	3
13	0	A	2
15	0	A	3
17	0	A	3
19	0	A	3
21	0	A	3
23	0	A	3
26	1	A	3
28	1	A	3
30	1	A	3
32	1	A	3
34	1	A	3
36	1	A	2
38	1	A	2
40	1	A	2
42	1	A	2
44	1	A	2
46	1	A	2
48	1	A	2
50	1	A	2
52	1	A	2
54	1	A	2
56	1	A	2
58	1	A	2
60	1	A	2
62	1	A	2
64	1	A	2
66	1	A	2
68	1	A	2
70	1	A	2
72	1	A	2
74	1	A	2
76	1	A	2
78	1	A	2
80	1	A	2
82	1	A	2
84	1	A	2
86	1	A	2
88	1	A	2
90	1	A	2
92	1	A	2
94	1	A	2
96	1	A	2
98	1	A	2
100	1	A	1
------------B---------------
V 	 Fixed 	 Partition 	 D Value
1	0	B	2
4	0	B	2
6	0	B	2
8	0	B	2
10	0	B	2
12	0	B	3
14	0	B	2
16	0	B	3
18	0	B	3
20	0	B	3
22	0	B	3
24	0	B	2
25	1	B	2
27	1	B	3
29	1	B	3
31	1	B	3
33	1	B	3
35	1	B	2
37	1	B	2
39	1	B	2
41	1	B	2
43	1	B	2
45	1	B	2
47	1	B	2
49	1	B	2
51	1	B	2
53	1	B	2
55	1	B	2
57	1	B	2
59	1	B	2
61	1	B	2
63	1	B	2
65	1	B	2
67	1	B	2
69	1	B	2
71	1	B	2
73	1	B	2
75	1	B	2
77	1	B	2
79	1	B	2
81	1	B	2
83	1	B	2
85	1	B	2
87	1	B	2
89	1	B	2
91	1	B	2
93	1	B	2
95	1	B	2
97	1	B	2
99	1	B	2
swapped nodes are 23 24
Pass: 39		Final partition cost: 206
------------A---------------
V 	 Fixed 	 Partition 	 D Value
2	0	A	2
3	0	A	1
5	0	A	2
7	0	A	2
9	0	A	2
11	0	A	3
13	0	A	3
15	0	A	3
17	0	A	3
19	0	A	3
21	0	A	3
24	1	A	3
26	1	A	3
28	1	A	3
30	1	A	3
32	1	A	3
34	1	A	2
36	1	A	2
38	1	A	2
40	1	A	2
42	1	A	2
44	1	A	2
46	1	A	2
48	1	A	2
50	1	A	2
52	1	A	2
54	1	A	2
56	1	A	2
58	1	A	2
60	1	A	2
62	1	A	2
64	1	A	2
66	1	A	2
68	1	A	2
70	1	A	2
72	1	A	2
74	1	A	2
76	1	A	2
78	1	A	2
80	1	A	2
82	1	A	2
84	1	A	2
86	1	A	2
88	1	A	2
90	1	A	2
92	1	A	2
94	1	A	2
96	1	A	2
98	1	A	2
100	1	A	1
------------B---------------
V 	 Fixed 	 Partition 	 D Value
1	0	B	2
4	0	B	2
6	0	B	2
8	0	B	2
10	0	B	2
12	0	B	3
14	0	B	3
16	0	B	3
18	0	B	3
20	0	B	3
22	0	B	2
23	1	B	2
25	1	B	3
27	1	B	3
29	1	B	3
31	1	B	3
33	1	B	2
35	1	B	2
37	1	B	2
39	1	B	2
41	1	B	2
43	1	B	2
45	1	B	2
47	1	B	2
49	1	B	2
51	1	B	2
53	1	B	2
55	1	B	2
57	1	B	2
59	1	B	2
61	1	B	2
63	1	B	2
65	1	B	2
67	1	B	2
69	1	B	2
71	1	B	2
73	1	B	2
75	1	B	2
77	1	B	2
79	1	B	2
81	1	B	2
83	1	B	2
85	1	B	2
87	1	B	2
89	1	B	2
91	1	B	2
93	1	B	2
95	1	B	2
97	1	B	2
99	1	B	2
swapped nodes are 21 22
Pass: 40		Final partition cost: 206
------------A---------------
V 	 Fixed 	 Partition 	 D Value
2	0	A	2
3	0	A	1
5	0	A	2
7	0	A	2
9	0	A	2
11	0	A	4
13	0	A	3
15	0	A	3
17	0	A	3
19	0	A	3
22	1	A	3
24	1	A	3
26	1	A	3
28	1	A	3
30	1	A	3
32	1	A	2
34	1	A	2
36	1	A	2
38	1	A	2
40	1	A	2
42	1	A	2
44	1	A	2
46	1	A	2
48	1	A	2
50	1	A	2
52	1	A	2
54	1	A	2
56	1	A	2
58	1	A	2
60	1	A	2
62	1	A	2
64	1	A	2
66	1	A	2
68	1	A	2
70	1	A	2
72	1	A	2
74	1	A	2
76	1	A	2
78	1	A	2
80	1	A	2
82	1	A	2
84	1	A	2
86	1	A	2
88	1	A	2
90	1	A	2
92	1	A	2
94	1	A	2
96	1	A	2
98	1	A	2
100	1	A	1
------------B---------------
V 	 Fixed 	 Partition 	 D Value
1	0	B	2
4	0	B	2
6	0	B	2
8	0	B	2
10	0	B	2
12	0	B	4
14	0	B	3
16	0	B	3
18	0	B	3
20	0	B	2
21	1	B	2
23	1	B	3
25	1	B	3
27	1	B	3
29	1	B	3
31	1	B	2
33	1	B	2
35	1	B	2
37	1	B	2
39	1	B	2
41	1	B	2
43	1	B	2
45	1	B	2
47	1	B	2
49	1	B	2
51	1	B	2
53	1	B	2
55	1	B	2
57	1	B	2
59	1	B	2
61	1	B	2
63	1	B	2
65	1	B	2
67	1	B	2
69	1	B	2
71	1	B	2
73	1	B	2
75	1	B	2
77	1	B	2
79	1	B	2
81	1	B	2
83	1	B	2
85	1	B	2
87	1	B	2
89	1	B	2
91	1	B	2
93	1	B	2
95	1	B	2
97	1	B	2
99	1	B	2
swapped nodes are 19 20
Pass: 41		Final partition cost: 206
------------A---------------
V 	 Fixed 	 Partition 	 D Value
2	0	A	2
3	0	A	1
5	0	A	2
7	0	A	2
9	0	A	3
11	0	A	4
13	0	A	3
15	0	A	3
17	0	A	3
20	1	A	3
22	1	A	3
24	1	A	3
26	1	A	3
28	1	A	3
30	1	A	2
32	1	A	2
34	1	A	2
36	1	A	2
38	1	A	2
40	1	A	2
42	1	A	2
44	1	A	2
46	1	A	2
48	1	A	2
50	1	A	2
52	1	A	2
54	1	A	2
56	1	A	2
58	1	A	2
60	1	A	2
62	1	A	2
64	1	A	2
66	1	A	2
68	1	A	2
70	1	A	2
72	1	A	2
74	1	A	2
76	1	A	2
78	1	A	2
80	1	A	2
82	1	A	2
84	1	A	2
86	1	A	2
88	1	A	2
90	1	A	2
92	1	A	2
94	1	A	2
96	1	A	2
98	1	A	2
100	1	A	1
------------B---------------
V 	 Fixed 	 Partition 	 D Value
1	0	B	2
4	0	B	2
6	0	B	2
8	0	B	2
10	0	B	3
12	0	B	4
14	0	B	3
16	0	B	3
18	0	B	2
19	1	B	2
21	1	B	3
23	1	B	3
25	1	B	3
27	1	B	3
29	1	B	2
31	1	B	2
33	1	B	2
35	1	B	2
37	1	B	2
39	1	B	2
41	1	B	2
43	1	B	2
45	1	B	2
47	1	B	2
49	1	B	2
51	1	B	2
53	1	B	2
55	1	B	2
57	1	B	2
59	1	B	2
61	1	B	2
63	1	B	2
65	1	B	2
67	1	B	2
69	1	B	2
71	1	B	2
73	1	B	2
75	1	B	2
77	1	B	2
79	1	B	2
81	1	B	2
83	1	B	2
85	1	B	2
87	1	B	2
89	1	B	2
91	1	B	2
93	1	B	2
95	1	B	2
97	1	B	2
99	1	B	2
swapped nodes are 17 18
Pass: 42		Final partition cost: 206
------------A---------------
V 	 Fixed 	 Partition 	 D Value
2	0	A	2
3	0	A	1
5	0	A	2
7	0	A	3
9	0	A	3
11	0	A	4
13	0	A	3
15	0	A	3
18	1	A	3
20	1	A	3
22	1	A	3
24	1	A	3
26	1	A	3
28	1	A	2
30	1	A	2
32	1	A	2
34	1	A	2
36	1	A	2
38	1	A	2
40	1	A	2
42	1	A	2
44	1	A	2
46	1	A	2
48	1	A	2
50	1	A	2
52	1	A	2
54	1	A	2
56	1	A	2
58	1	A	2
60	1	A	2
62	1	A	2
64	1	A	2
66	1	A	2
68	1	A	2
70	1	A	2
72	1	A	2
74	1	A	2
76	1	A	2
78	1	A	2
80	1	A	2
82	1	A	2
84	1	A	2
86	1	A	2
88	1	A	2
90	1	A	2
92	1	A	2
94	1	A	2
96	1	A	2
98	1	A	2
100	1	A	1
------------B---------------
V 	 Fixed 	 Partition 	 D Value
1	0	B	2
4	0	B	2
6	0	B	2
8	0	B	3
10	0	B	3
12	0	B	4
14	0	B	3
16	0	B	2
17	1	B	2
19	1	B	3
21	1	B	3
23	1	B	3
25	1	B	3
27	1	B	2
29	1	B	2
31	1	B	2
33	1	B	2
35	1	B	2
37	1	B	2
39	1	B	2
41	1	B	2
43	1	B	2
45	1	B	2
47	1	B	2
49	1	B	2
51	1	B	2
53	1	B	2
55	1	B	2
57	1	B	2
59	1	B	2
61	1	B	2
63	1	B	2
65	1	B	2
67	1	B	2
69	1	B	2
71	1	B	2
73	1	B	2
75	1	B	2
77	1	B	2
79	1	B	2
81	1	B	2
83	1	B	2
85	1	B	2
87	1	B	2
89	1	B	2
91	1	B	2
93	1	B	2
95	1	B	2
97	1	B	2
99	1	B	2
swapped nodes are 15 16
Pass: 43		Final partition cost: 206
------------A---------------
V 	 Fixed 	 Partition 	 D Value
2	0	A	2
3	0	A	1
5	0	A	3
7	0	A	3
9	0	A	3
11	0	A	4
13	0	A	3
16	1	A	3
18	1	A	3
20	1	A	3
22	1	A	3
24	1	A	3
26	1	A	2
28	1	A	2
30	1	A	2
32	1	A	2
34	1	A	2
36	1	A	2
38	1	A	2
40	1	A	2
42	1	A	2
44	1	A	2
46	1	A	2
48	1	A	2
50	1	A	2
52	1	A	2
54	1	A	2
56	1	A	2
58	1	A	2
60	1	A	2
62	1	A	2
64	1	A	2
66	1	A	2
68	1	A	2
70	1	A	2
72	1	A	2
74	1	A	2
76	1	A	2
78	1	A	2
80	1	A	2
82	1	A	2
84	1	A	2
86	1	A	2
88	1	A	2
90	1	A	2
92	1	A	2
94	1	A	2
96	1	A	2
98	1	A	2
100	1	A	1
------------B---------------
V 	 Fixed 	 Partition 	 D Value
1	0	B	2
4	0	B	2
6	0	B	3
8	0	B	3
10	0	B	3
12	0	B	4
14	0	B	2
15	1	B	2
17	1	B	3
19	1	B	3
21	1	B	3
23	1	B	3
25	1	B	2
27	1	B	2
29	1	B	2
31	1	B	2
33	1	B	2
35	1	B	2
37	1	B	2
39	1	B	2
41	1	B	2
43	1	B	2
45	1	B	2
47	1	B	2
49	1	B	2
51	1	B	2
53	1	B	2
55	1	B	2
57	1	B	2
59	1	B	2
61	1	B	2
63	1	B	2
65	1	B	2
67	1	B	2
69	1	B	2
71	1	B	2
73	1	B	2
75	1	B	2
77	1	B	2
79	1	B	2
81	1	B	2
83	1	B	2
85	1	B	2
87	1	B	2
89	1	B	2
91	1	B	2
93	1	B	2
95	1	B	2
97	1	B	2
99	1	B	2
swapped nodes are 13 14
Pass: 44		Final partition cost: 206
------------A---------------
V 	 Fixed 	 Partition 	 D Value
2	0	A	2
3	0	A	2
5	0	A	3
7	0	A	3
9	0	A	3
11	0	A	4
14	1	A	3
16	1	A	3
18	1	A	3
20	1	A	3
22	1	A	3
24	1	A	2
26	1	A	2
28	1	A	2
30	1	A	2
32	1	A	2
34	1	A	2
36	1	A	2
38	1	A	2
40	1	A	2
42	1	A	2
44	1	A	2
46	1	A	2
48	1	A	2
50	1	A	2
52	1	A	2
54	1	A	2
56	1	A	2
58	1	A	2
60	1	A	2
62	1	A	2
64	1	A	2
66	1	A	2
68	1	A	2
70	1	A	2
72	1	A	2
74	1	A	2
76	1	A	2
78	1	A	2
80	1	A	2
82	1	A	2
84	1	A	2
86	1	A	2
88	1	A	2
90	1	A	2
92	1	A	2
94	1	A	2
96	1	A	2
98	1	A	2
100	1	A	1
------------B---------------
V 	 Fixed 	 Partition 	 D Value
1	0	B	2
4	0	B	3
6	0	B	3
8	0	B	3
10	0	B	3
12	0	B	3
13	1	B	2
15	1	B	3
17	1	B	3
19	1	B	3
21	1	B	3
23	1	B	2
25	1	B	2
27	1	B	2
29	1	B	2
31	1	B	2
33	1	B	2
35	1	B	2
37	1	B	2
39	1	B	2
41	1	B	2
43	1	B	2
45	1	B	2
47	1	B	2
49	1	B	2
51	1	B	2
53	1	B	2
55	1	B	2
57	1	B	2
59	1	B	2
61	1	B	2
63	1	B	2
65	1	B	2
67	1	B	2
69	1	B	2
71	1	B	2
73	1	B	2
75	1	B	2
77	1	B	2
79	1	B	2
81	1	B	2
83	1	B	2
85	1	B	2
87	1	B	2
89	1	B	2
91	1	B	2
93	1	B	2
95	1	B	2
97	1	B	2
99	1	B	2
swapped nodes are 11 12
Pass: 45		Final partition cost: 202
------------A---------------
V 	 Fixed 	 Partition 	 D Value
2	0	A	1
3	0	A	2
5	0	A	3
7	0	A	3
9	0	A	3
12	1	A	2
14	1	A	3
16	1	A	3
18	1	A	3
20	1	A	3
22	1	A	2
24	1	A	2
26	1	A	2
28	1	A	2
30	1	A	2
32	1	A	2
34	1	A	2
36	1	A	2
38	1	A	2
40	1	A	2
42	1	A	2
44	1	A	2
46	1	A	2
48	1	A	2
50	1	A	2
52	1	A	2
54	1	A	2
56	1	A	2
58	1	A	2
60	1	A	2
62	1	A	2
64	1	A	2
66	1	A	2
68	1	A	2
70	1	A	2
72	1	A	2
74	1	A	2
76	1	A	2
78	1	A	2
80	1	A	2
82	1	A	2
84	1	A	2
86	1	A	2
88	1	A	2
90	1	A	2
92	1	A	2
94	1	A	2
96	1	A	2
98	1	A	2
100	1	A	1
------------B---------------
V 	 Fixed 	 Partition 	 D Value
1	0	B	1
4	0	B	3
6	0	B	3
8	0	B	3
10	0	B	2
11	1	B	1
13	1	B	3
15	1	B	3
17	1	B	3
19	1	B	3
21	1	B	2
23	1	B	2
25	1	B	2
27	1	B	2
29	1	B	2
31	1	B	2
33	1	B	2
35	1	B	2
37	1	B	2
39	1	B	2
41	1	B	2
43	1	B	2
45	1	B	2
47	1	B	2
49	1	B	2
51	1	B	2
53	1	B	2
55	1	B	2
57	1	B	2
59	1	B	2
61	1	B	2
63	1	B	2
65	1	B	2
67	1	B	2
69	1	B	2
71	1	B	2
73	1	B	2
75	1	B	2
77	1	B	2
79	1	B	2
81	1	B	2
83	1	B	2
85	1	B	2
87	1	B	2
89	1	B	2
91	1	B	2
93	1	B	2
95	1	B	2
97	1	B	2
99	1	B	2
swapped nodes are 9 10
Pass: 46		Final partition cost: 200
------------A---------------
V 	 Fixed 	 Partition 	 D Value
2	0	A	1
3	0	A	2
5	0	A	3
7	0	A	3
10	1	A	2
12	1	A	2
14	1	A	3
16	1	A	3
18	1	A	3
20	1	A	2
22	1	A	2
24	1	A	2
26	1	A	2
28	1	A	2
30	1	A	2
32	1	A	2
34	1	A	2
36	1	A	2
38	1	A	2
40	1	A	2
42	1	A	2
44	1	A	2
46	1	A	2
48	1	A	2
50	1	A	2
52	1	A	2
54	1	A	2
56	1	A	2
58	1	A	2
60	1	A	2
62	1	A	2
64	1	A	2
66	1	A	2
68	1	A	2
70	1	A	2
72	1	A	2
74	1	A	2
76	1	A	2
78	1	A	2
80	1	A	2
82	1	A	2
84	1	A	2
86	1	A	2
88	1	A	2
90	1	A	2
92	1	A	2
94	1	A	2
96	1	A	2
98	1	A	2
100	1	A	1
------------B---------------
V 	 Fixed 	 Partition 	 D Value
1	0	B	1
4	0	B	3
6	0	B	3
8	0	B	2
9	1	B	1
11	1	B	2
13	1	B	3
15	1	B	3
17	1	B	3
19	1	B	2
21	1	B	2
23	1	B	2
25	1	B	2
27	1	B	2
29	1	B	2
31	1	B	2
33	1	B	2
35	1	B	2
37	1	B	2
39	1	B	2
41	1	B	2
43	1	B	2
45	1	B	2
47	1	B	2
49	1	B	2
51	1	B	2
53	1	B	2
55	1	B	2
57	1	B	2
59	1	B	2
61	1	B	2
63	1	B	2
65	1	B	2
67	1	B	2
69	1	B	2
71	1	B	2
73	1	B	2
75	1	B	2
77	1	B	2
79	1	B	2
81	1	B	2
83	1	B	2
85	1	B	2
87	1	B	2
89	1	B	2
91	1	B	2
93	1	B	2
95	1	B	2
97	1	B	2
99	1	B	2
swapped nodes are 7 8
Pass: 47		Final partition cost: 198
------------A---------------
V 	 Fixed 	 Partition 	 D Value
2	0	A	1
3	0	A	2
5	0	A	3
8	1	A	2
10	1	A	2
12	1	A	2
14	1	A	3
16	1	A	3
18	1	A	2
20	1	A	2
22	1	A	2
24	1	A	2
26	1	A	2
28	1	A	2
30	1	A	2
32	1	A	2
34	1	A	2
36	1	A	2
38	1	A	2
40	1	A	2
42	1	A	2
44	1	A	2
46	1	A	2
48	1	A	2
50	1	A	2
52	1	A	2
54	1	A	2
56	1	A	2
58	1	A	2
60	1	A	2
62	1	A	2
64	1	A	2
66	1	A	2
68	1	A	2
70	1	A	2
72	1	A	2
74	1	A	2
76	1	A	2
78	1	A	2
80	1	A	2
82	1	A	2
84	1	A	2
86	1	A	2
88	1	A	2
90	1	A	2
92	1	A	2
94	1	A	2
96	1	A	2
98	1	A	2
100	1	A	1
------------B---------------
V 	 Fixed 	 Partition 	 D Value
1	0	B	1
4	0	B	3
6	0	B	2
7	1	B	1
9	1	B	2
11	1	B	2
13	1	B	3
15	1	B	3
17	1	B	2
19	1	B	2
21	1	B	2
23	1	B	2
25	1	B	2
27	1	B	2
29	1	B	2
31	1	B	2
33	1	B	2
35	1	B	2
37	1	B	2
39	1	B	2
41	1	B	2
43	1	B	2
45	1	B	2
47	1	B	2
49	1	B	2
51	1	B	2
53	1	B	2
55	1	B	2
57	1	B	2
59	1	B	2
61	1	B	2
63	1	B	2
65	1	B	2
67	1	B	2
69	1	B	2
71	1	B	2
73	1	B	2
75	1	B	2
77	1	B	2
79	1	B	2
81	1	B	2
83	1	B	2
85	1	B	2
87	1	B	2
89	1	B	2
91	1	B	2
93	1	B	2
95	1	B	2
97	1	B	2
99	1	B	2
swapped nodes are 5 6
Pass: 48		Final partition cost: 196
------------A---------------
V 	 Fixed 	 Partition 	 D Value
2	0	A	1
3	0	A	2
6	1	A	2
8	1	A	2
10	1	A	2
12	1	A	2
14	1	A	3
16	1	A	2
18	1	A	2
20	1	A	2
22	1	A	2
24	1	A	2
26	1	A	2
28	1	A	2
30	1	A	2
32	1	A	2
34	1	A	2
36	1	A	2
38	1	A	2
40	1	A	2
42	1	A	2
44	1	A	2
46	1	A	2
48	1	A	2
50	1	A	2
52	1	A	2
54	1	A	2
56	1	A	2
58	1	A	2
60	1	A	2
62	1	A	2
64	1	A	2
66	1	A	2
68	1	A	2
70	1	A	2
72	1	A	2
74	1	A	2
76	1	A	2
78	1	A	2
80	1	A	2
82	1	A	2
84	1	A	2
86	1	A	2
88	1	A	2
90	1	A	2
92	1	A	2
94	1	A	2
96	1	A	2
98	1	A	2
100	1	A	1
------------B---------------
V 	 Fixed 	 Partition 	 D Value
1	0	B	1
4	0	B	2
5	1	B	1
7	1	B	2
9	1	B	2
11	1	B	2
13	1	B	3
15	1	B	2
17	1	B	2
19	1	B	2
21	1	B	2
23	1	B	2
25	1	B	2
27	1	B	2
29	1	B	2
31	1	B	2
33	1	B	2
35	1	B	2
37	1	B	2
39	1	B	2
41	1	B	2
43	1	B	2
45	1	B	2
47	1	B	2
49	1	B	2
51	1	B	2
53	1	B	2
55	1	B	2
57	1	B	2
59	1	B	2
61	1	B	2
63	1	B	2
65	1	B	2
67	1	B	2
69	1	B	2
71	1	B	2
73	1	B	2
75	1	B	2
77	1	B	2
79	1	B	2
81	1	B	2
83	1	B	2
85	1	B	2
87	1	B	2
89	1	B	2
91	1	B	2
93	1	B	2
95	1	B	2
97	1	B	2
99	1	B	2
swapped nodes are 3 4
Pass: 49		Final partition cost: 198
------------A---------------
V 	 Fixed 	 Partition 	 D Value
2	0	A	2
4	1	A	2
6	1	A	2
8	1	A	2
10	1	A	2
12	1	A	2
14	1	A	2
16	1	A	2
18	1	A	2
20	1	A	2
22	1	A	2
24	1	A	2
26	1	A	2
28	1	A	2
30	1	A	2
32	1	A	2
34	1	A	2
36	1	A	2
38	1	A	2
40	1	A	2
42	1	A	2
44	1	A	2
46	1	A	2
48	1	A	2
50	1	A	2
52	1	A	2
54	1	A	2
56	1	A	2
58	1	A	2
60	1	A	2
62	1	A	2
64	1	A	2
66	1	A	2
68	1	A	2
70	1	A	2
72	1	A	2
74	1	A	2
76	1	A	2
78	1	A	2
80	1	A	2
82	1	A	2
84	1	A	2
86	1	A	2
88	1	A	2
90	1	A	2
92	1	A	2
94	1	A	2
96	1	A	2
98	1	A	2
100	1	A	1
------------B---------------
V 	 Fixed 	 Partition 	 D Value
1	0	B	1
3	1	B	2
5	1	B	2
7	1	B	2
9	1	B	2
11	1	B	2
13	1	B	2
15	1	B	2
17	1	B	2
19	1	B	2
21	1	B	2
23	1	B	2
25	1	B	2
27	1	B	2
29	1	B	2
31	1	B	2
33	1	B	2
35	1	B	2
37	1	B	2
39	1	B	2
41	1	B	2
43	1	B	2
45	1	B	2
47	1	B	2
49	1	B	2
51	1	B	2
53	1	B	2
55	1	B	2
57	1	B	2
59	1	B	2
61	1	B	2
63	1	B	2
65	1	B	2
67	1	B	2
69	1	B	2
71	1	B	2
73	1	B	2
75	1	B	2
77	1	B	2
79	1	B	2
81	1	B	2
83	1	B	2
85	1	B	2
87	1	B	2
89	1	B	2
91	1	B	2
93	1	B	2
95	1	B	2
97	1	B	2
99	1	B	2
swapped nodes are 2 1
Pass: 50		Final partition cost: 198
------------A---------------
V 	 Fixed 	 Partition 	 D Value
1	1	A	2
4	1	A	2
6	1	A	2
8	1	A	2
10	1	A	2
12	1	A	3
14	1	A	2
16	1	A	2
18	1	A	2
20	1	A	2
22	1	A	2
24	1	A	2
26	1	A	2
28	1	A	2
30	1	A	2
32	1	A	2
34	1	A	2
36	1	A	2
38	1	A	2
40	1	A	2
42	1	A	2
44	1	A	2
46	1	A	2
48	1	A	2
50	1	A	2
52	1	A	2
54	1	A	2
56	1	A	2
58	1	A	2
60	1	A	2
62	1	A	2
64	1	A	2
66	1	A	2
68	1	A	2
70	1	A	2
72	1	A	2
74	1	A	2
76	1	A	2
78	1	A	2
80	1	A	2
82	1	A	2
84	1	A	2
86	1	A	2
88	1	A	2
90	1	A	2
92	1	A	2
94	1	A	2
96	1	A	2
98	1	A	2
100	1	A	1
------------B---------------
V 	 Fixed 	 Partition 	 D Value
2	1	B	2
3	1	B	1
5	1	B	2
7	1	B	2
9	1	B	2
11	1	B	3
13	1	B	2
15	1	B	2
17	1	B	2
19	1	B	2
21	1	B	2
23	1	B	2
25	1	B	2
27	1	B	2
29	1	B	2
31	1	B	2
33	1	B	2
35	1	B	2
37	1	B	2
39	1	B	2
41	1	B	2
43	1	B	2
45	1	B	2
47	1	B	2
49	1	B	2
51	1	B	2
53	1	B	2
55	1	B	2
57	1	B	2
59	1	B	2
61	1	B	2
63	1	B	2
65	1	B	2
67	1	B	2
69	1	B	2
71	1	B	2
73	1	B	2
75	1	B	2
77	1	B	2
79	1	B	2
81	1	B	2
83	1	B	2
85	1	B	2
87	1	B	2
89	1	B	2
91	1	B	2
93	1	B	2
95	1	B	2
97	1	B	2
99	1	B	2
The lowest cost is = 196 which occured during pass number 48
Fail: 50			Loss: 		Final partition cost: 198
Total passes: 50		Final partition cost: 198
--- 3.350454807281494 seconds ---
faten@Fatens-MacBook-Pro ~ % 
